0.000000	0.000095	-0.000095	0.000000
1.000000	0.000086	0.000084	-0.000021
2.000000	0.000054	0.000040	-0.000036
3.000000	0.000125	0.000042	0.000118
4.000000	0.000141	-0.000109	0.000089
5.000000	0.000123	-0.000100	-0.000072
6.000000	0.000042	0.000012	-0.000041
7.000000	0.000019	-0.000016	0.000011
8.000000	0.000019	-0.000002	-0.000019
9.000000	0.000121	-0.000026	-0.000118
10.000000	500.000031	0.000363	-500.000031
11.000000	0.000209	-0.000074	0.000196
12.000000	0.000068	0.000021	0.000065
13.000000	0.000067	-0.000062	0.000026
14.000000	0.000043	0.000043	-0.000007
15.000000	0.000116	-0.000093	0.000069
16.000000	0.000146	-0.000120	-0.000084
17.000000	0.000104	0.000093	-0.000046
18.000000	0.000016	0.000003	-0.000016
19.000000	0.000076	0.000058	-0.000049
20.000000	0.000055	-0.000018	0.000052
21.000000	0.000082	0.000066	-0.000049
22.000000	0.000051	0.000051	-0.000007
23.000000	0.000070	-0.000015	0.000068
24.000000	0.000057	0.000052	0.000023
25.000000	0.000036	-0.000015	0.000032
26.000000	0.000023	-0.000023	-0.000001
27.000000	0.000064	0.000033	0.000055
28.000000	0.000048	-0.000048	0.000008
29.000000	0.000028	-0.000027	-0.000007
30.000000	0.000060	-0.000045	0.000039
31.000000	0.000012	0.000009	-0.000008
32.000000	0.000020	0.000019	-0.000005
33.000000	0.000047	-0.000046	-0.000008
34.000000	0.000046	0.000033	-0.000033
35.000000	0.000009	-0.000008	-0.000004
36.000000	0.000005	0.000002	0.000004
37.000000	0.000047	0.000033	0.000034
38.000000	0.000008	0.000004	-0.000008
39.000000	0.000018	0.000017	-0.000008
40.000000	0.000040	0.000005	0.000040
41.000000	0.000015	-0.000011	0.000010
42.000000	0.000032	-0.000004	0.000032
43.000000	0.000030	-0.000029	0.000007
44.000000	0.000020	0.000019	0.000005
45.000000	0.000012	-0.000012	0.000003
46.000000	0.000030	-0.000028	-0.000011
47.000000	0.000005	0.000000	0.000005
48.000000	0.000022	-0.000011	-0.000019
49.000000	0.000012	0.000011	-0.000000
50.000000	0.000017	-0.000014	0.000009
51.000000	0.000020	0.000006	-0.000019
52.000000	0.000012	0.000011	0.000004
53.000000	0.000007	0.000005	-0.000004
54.000000	0.000015	0.000015	0.000003
55.000000	0.000013	-0.000012	0.000005
56.000000	0.000020	-0.000000	-0.000020
57.000000	0.000039	0.000007	0.000038
58.000000	0.000010	-0.000004	0.000009
59.000000	0.000006	-0.000001	0.000005
60.000000	0.000029	-0.000025	0.000014
61.000000	0.000009	-0.000006	-0.000006
62.000000	0.000026	-0.000014	0.000022
63.000000	0.000030	-0.000030	0.000001
64.000000	0.000023	0.000014	-0.000019
65.000000	0.000012	-0.000011	-0.000003
66.000000	0.000025	0.000009	-0.000023
67.000000	0.000007	-0.000004	0.000006
68.000000	0.000023	-0.000010	-0.000020
69.000000	0.000012	-0.000008	-0.000009
70.000000	0.000015	-0.000002	0.000014
71.000000	0.000020	0.000020	0.000000
72.000000	0.000019	-0.000000	0.000019
73.000000	0.000010	-0.000009	0.000004
74.000000	0.000024	0.000020	0.000013
75.000000	0.000010	-0.000005	0.000009
76.000000	0.000020	-0.000020	-0.000004
77.000000	0.000007	0.000001	0.000007
78.000000	0.000012	-0.000008	-0.000009
79.000000	0.000011	0.000011	-0.000001
80.000000	0.000017	-0.000016	0.000004
81.000000	0.000020	0.000004	-0.000019
82.000000	0.000015	-0.000009	-0.000012
83.000000	0.000013	-0.000009	-0.000008
84.000000	0.000034	0.000029	0.000017
85.000000	0.000009	-0.000002	-0.000009
86.000000	0.000015	0.000005	-0.000014
87.000000	0.000011	0.000004	0.000011
88.000000	0.000010	0.000004	0.000009
89.000000	0.000008	0.000006	0.000005
90.000000	0.000021	-0.000021	0.000004
91.000000	0.000015	0.000011	0.000011
92.000000	0.000011	-0.000002	0.000011
93.000000	0.000013	-0.000013	0.000004
94.000000	0.000004	0.000000	0.000004
95.000000	0.000012	-0.000010	-0.000007
96.000000	0.000009	0.000003	-0.000009
97.000000	0.000010	-0.000002	0.000009
98.000000	0.000010	-0.000002	-0.000010
99.000000	0.000008	0.000005	-0.000007
100.000000	0.000008	-0.000000	-0.000008
101.000000	0.000008	0.000007	-0.000002
102.000000	0.000005	-0.000004	0.000003
103.000000	0.000024	-0.000022	0.000008
104.000000	0.000017	0.000017	0.000002
105.000000	0.000006	0.000006	0.000001
106.000000	0.000004	-0.000004	0.000002
107.000000	0.000017	-0.000012	0.000012
108.000000	0.000012	-0.000011	0.000004
109.000000	0.000022	-0.000004	0.000022
110.000000	0.000030	-0.000009	0.000029
111.000000	0.000009	-0.000007	-0.000006
112.000000	0.000000	-0.000000	0.000000
113.000000	0.000013	0.000000	-0.000013
114.000000	0.000011	0.000010	0.000003
115.000000	0.000012	0.000004	-0.000012
116.000000	0.000007	0.000006	0.000004
117.000000	0.000013	0.000004	0.000013
118.000000	0.000011	0.000009	-0.000006
119.000000	0.000007	0.000004	0.000006
120.000000	0.000005	-0.000005	0.000002
121.000000	0.000003	0.000002	0.000002
122.000000	0.000003	-0.000003	0.000001
123.000000	0.000017	-0.000016	0.000003
124.000000	0.000012	-0.000001	0.000012
125.000000	0.000005	0.000004	-0.000002
126.000000	0.000006	0.000003	-0.000006
127.000000	0.000002	0.000001	0.000002
128.000000	0.000010	-0.000001	-0.000010
129.000000	0.000005	-0.000004	-0.000002
130.000000	0.000026	-0.000016	-0.000020
131.000000	0.000006	0.000004	0.000005
132.000000	0.000004	0.000004	-0.000001
133.000000	0.000008	0.000003	-0.000007
134.000000	0.000003	0.000003	-0.000001
135.000000	0.000002	0.000002	-0.000001
136.000000	0.000012	0.000010	0.000006
137.000000	0.000015	-0.000006	0.000014
138.000000	0.000003	0.000003	0.000002
139.000000	0.000006	-0.000006	0.000003
140.000000	0.000009	-0.000005	0.000007
141.000000	0.000004	0.000000	0.000004
142.000000	0.000016	-0.000015	-0.000007
143.000000	0.000020	-0.000019	0.000006
144.000000	0.000003	-0.000000	-0.000003
145.000000	0.000006	-0.000005	0.000002
146.000000	0.000007	0.000001	0.000007
147.000000	0.000001	-0.000001	0.000000
148.000000	0.000009	0.000008	0.000004
149.000000	0.000006	-0.000003	0.000005
150.000000	0.000009	-0.000002	-0.000009
151.000000	0.000025	0.000025	-0.000002
152.000000	0.000014	0.000006	-0.000012
153.000000	0.000007	0.000006	-0.000004
154.000000	0.000002	-0.000001	0.000002
155.000000	0.000006	0.000002	-0.000006
156.000000	0.000014	-0.000012	-0.000006
157.000000	0.000008	0.000006	-0.000005
158.000000	0.000002	-0.000001	0.000001
159.000000	0.000006	-0.000005	0.000003
160.000000	0.000011	-0.000007	-0.000008
161.000000	0.000002	-0.000002	-0.000001
162.000000	0.000010	-0.000010	0.000001
163.000000	0.000003	0.000002	0.000002
164.000000	0.000002	-0.000002	0.000001
165.000000	0.000009	0.000001	-0.000009
166.000000	0.000006	0.000006	0.000002
167.000000	0.000008	-0.000003	0.000007
168.000000	0.000014	0.000014	-0.000002
169.000000	0.000008	0.000007	-0.000002
170.000000	0.000009	0.000004	-0.000008
171.000000	0.000016	-0.000004	0.000015
172.000000	0.000011	-0.000008	0.000008
173.000000	0.000004	0.000004	0.000001
174.000000	0.000010	0.000003	0.000009
175.000000	0.000006	-0.000001	-0.000006
176.000000	0.000016	0.000013	-0.000009
177.000000	0.000024	-0.000015	0.000018
178.000000	0.000006	0.000006	-0.000002
179.000000	0.000006	-0.000005	-0.000003
180.000000	0.000014	-0.000011	-0.000008
181.000000	0.000003	0.000001	0.000002
182.000000	0.000002	-0.000002	-0.000001
183.000000	0.000008	0.000007	-0.000003
184.000000	0.000010	-0.000000	0.000010
185.000000	0.000010	0.000010	-0.000004
186.000000	0.000006	0.000005	0.000003
187.000000	0.000001	-0.000000	-0.000001
188.000000	0.000002	0.000002	-0.000000
189.000000	0.000007	-0.000005	-0.000004
190.000000	0.000001	0.000000	0.000001
191.000000	0.000017	-0.000012	0.000011
192.000000	0.000010	-0.000009	-0.000005
193.000000	0.000005	-0.000005	0.000000
194.000000	0.000007	-0.000006	-0.000002
195.000000	0.000005	-0.000001	-0.000005
196.000000	0.000006	0.000002	-0.000006
197.000000	0.000005	-0.000003	-0.000004
198.000000	0.000009	0.000009	0.000001
199.000000	0.000005	-0.000001	-0.000005
200.000000	0.000006	0.000005	-0.000003
201.000000	0.000006	0.000001	0.000006
202.000000	0.000006	0.000006	0.000001
203.000000	0.000015	0.000009	-0.000011
204.000000	0.000029	-0.000025	0.000014
205.000000	0.000007	0.000001	0.000007
206.000000	0.000010	-0.000008	0.000007
207.000000	0.000007	-0.000007	-0.000001
208.000000	0.000006	-0.000006	-0.000000
209.000000	0.000006	0.000003	0.000005
210.000000	0.000005	-0.000001	0.000005
211.000000	0.000011	-0.000010	-0.000005
212.000000	0.000012	-0.000001	-0.000012
213.000000	0.000009	0.000001	-0.000009
214.000000	0.000003	-0.000003	-0.000000
215.000000	0.000012	-0.000006	-0.000010
216.000000	0.000020	-0.000020	0.000005
217.000000	0.000035	0.000030	-0.000018
218.000000	0.000007	0.000006	0.000003
219.000000	0.000006	-0.000001	0.000006
220.000000	0.000005	0.000002	-0.000005
221.000000	0.000002	-0.000000	0.000002
222.000000	0.000003	-0.000002	-0.000003
223.000000	0.000032	0.000027	-0.000018
224.000000	0.000024	-0.000022	0.000009
225.000000	0.000001	-0.000001	-0.000000
226.000000	0.000005	-0.000005	-0.000000
227.000000	0.000006	-0.000005	0.000003
228.000000	0.000004	0.000004	-0.000001
229.000000	0.000005	-0.000002	0.000005
230.000000	0.000018	-0.000009	-0.000015
231.000000	0.000001	0.000001	-0.000001
232.000000	0.000006	0.000002	0.000006
233.000000	0.000008	0.000008	0.000002
234.000000	0.000005	0.000003	0.000005
235.000000	0.000004	0.000004	-0.000001
236.000000	0.000007	-0.000004	0.000005
237.000000	0.000011	-0.000000	0.000011
238.000000	0.000007	0.000005	-0.000006
239.000000	0.000009	-0.000005	-0.000007
240.000000	0.000003	-0.000003	-0.000001
241.000000	0.000004	0.000003	-0.000002
242.000000	0.000005	0.000005	-0.000002
243.000000	0.000020	0.000019	0.000006
244.000000	0.000016	-0.000010	-0.000012
245.000000	0.000005	-0.000005	0.000000
246.000000	0.000006	0.000003	-0.000005
247.000000	0.000006	-0.000003	-0.000005
248.000000	0.000006	-0.000004	-0.000004
249.000000	0.000011	-0.000011	0.000004
250.000000	0.000005	0.000005	0.000001
251.000000	0.000015	0.000014	-0.000002
252.000000	0.000008	-0.000002	-0.000008
253.000000	0.000000	0.000000	-0.000000
254.000000	0.000006	-0.000006	-0.000000
255.000000	0.000006	0.000003	-0.000005
256.000000	0.000029	-0.000015	-0.000025
257.000000	0.000015	0.000005	-0.000014
258.000000	0.000007	0.000002	0.000007
259.000000	0.000004	-0.000004	-0.000003
260.000000	0.000005	0.000005	-0.000001
261.000000	0.000002	0.000002	0.000001
262.000000	0.000010	0.000007	0.000006
263.000000	0.000031	0.000022	-0.000023
264.000000	0.000006	-0.000006	0.000003
265.000000	0.000011	0.000011	0.000003
266.000000	0.000002	0.000001	0.000001
267.000000	0.000003	-0.000000	-0.000003
268.000000	0.000004	0.000004	-0.000001
269.000000	0.000009	0.000005	-0.000008
270.000000	0.000018	-0.000018	0.000004
271.000000	0.000019	-0.000017	0.000008
272.000000	0.000004	-0.000001	-0.000004
273.000000	0.000003	-0.000003	0.000000
274.000000	0.000009	-0.000006	-0.000007
275.000000	0.000007	-0.000007	-0.000002
276.000000	0.000006	-0.000001	-0.000006
277.000000	0.000010	-0.000005	-0.000009
278.000000	0.000014	-0.000008	0.000011
279.000000	0.000003	-0.000003	0.000001
280.000000	0.000008	-0.000001	0.000008
281.000000	0.000010	0.000005	0.000009
282.000000	0.000007	0.000006	-0.000003
283.000000	0.000007	-0.000001	-0.000007
284.000000	0.000008	0.000001	0.000008
285.000000	0.000002	0.000000	0.000001
286.000000	0.000009	-0.000008	0.000001
287.000000	0.000005	-0.000004	-0.000003
288.000000	0.000007	-0.000006	0.000004
289.000000	0.000011	-0.000005	-0.000010
290.000000	0.000004	0.000002	0.000003
291.000000	0.000015	0.000002	0.000015
292.000000	0.000012	0.000010	-0.000006
293.000000	0.000002	0.000000	0.000002
294.000000	0.000006	-0.000003	-0.000006
295.000000	0.000004	-0.000001	0.000003
296.000000	0.000004	-0.000004	-0.000000
297.000000	0.000005	-0.000005	-0.000000
298.000000	0.000009	0.000001	0.000009
299.000000	0.000005	-0.000003	-0.000003
300.000000	0.000005	0.000005	0.000001
301.000000	0.000005	-0.000005	-0.000000
302.000000	0.000006	-0.000002	-0.000005
303.000000	0.000006	-0.000001	0.000006
304.000000	0.000012	-0.000010	0.000005
305.000000	0.000004	0.000004	0.000001
306.000000	0.000007	-0.000006	0.000004
307.000000	0.000007	0.000004	-0.000006
308.000000	0.000004	0.000003	0.000003
309.000000	0.000010	0.000006	-0.000008
310.000000	0.000037	0.000032	-0.000019
311.000000	0.000012	-0.000012	0.000001
312.000000	0.000007	-0.000002	-0.000006
313.000000	0.000006	-0.000005	0.000004
314.000000	0.000007	-0.000005	-0.000006
315.000000	0.000003	-0.000002	0.000002
316.000000	0.000018	0.000016	-0.000007
317.000000	0.000025	-0.000018	0.000016
318.000000	0.000014	-0.000010	0.000010
319.000000	0.000003	-0.000000	-0.000003
320.000000	0.000007	-0.000006	-0.000002
321.000000	0.000009	-0.000009	-0.000002
322.000000	0.000012	-0.000012	0.000003
323.000000	0.000016	-0.000005	-0.000016
324.000000	0.000007	0.000006	0.000005
325.000000	0.000015	-0.000011	0.000010
326.000000	0.000003	0.000001	0.000003
327.000000	0.000002	-0.000002	0.000000
328.000000	0.000007	-0.000001	-0.000007
329.000000	0.000010	-0.000010	-0.000004
330.000000	0.000012	-0.000012	0.000001
331.000000	0.000005	0.000005	-0.000000
332.000000	0.000012	0.000001	0.000012
333.000000	0.000005	0.000003	0.000003
334.000000	0.000011	0.000003	0.000011
335.000000	0.000008	0.000005	0.000006
336.000000	0.000006	-0.000003	0.000005
337.000000	0.000007	-0.000005	-0.000006
338.000000	0.000010	-0.000006	-0.000007
339.000000	0.000003	-0.000001	0.000002
340.000000	0.000000	-0.000000	-0.000000
341.000000	0.000004	0.000004	-0.000002
342.000000	0.000009	0.000007	-0.000005
343.000000	0.000007	0.000007	0.000002
344.000000	0.000008	-0.000007	-0.000003
345.000000	0.000005	0.000005	0.000000
346.000000	0.000007	-0.000001	-0.000007
347.000000	0.000004	0.000002	0.000003
348.000000	0.000005	0.000002	0.000005
349.000000	0.000016	0.000011	0.000011
350.000000	0.000015	-0.000014	-0.000005
351.000000	0.000021	-0.000015	-0.000014
352.000000	0.000001	-0.000001	0.000001
353.000000	0.000010	-0.000010	-0.000002
354.000000	0.000001	-0.000001	0.000001
355.000000	0.000006	-0.000001	-0.000006
356.000000	0.000020	0.000009	0.000018
357.000000	0.000010	-0.000007	-0.000007
358.000000	0.000012	-0.000007	-0.000010
359.000000	0.000009	0.000001	-0.000009
360.000000	0.000005	0.000003	-0.000004
361.000000	0.000002	-0.000002	-0.000000
362.000000	0.000005	0.000004	-0.000004
363.000000	0.000017	0.000017	0.000004
364.000000	0.000014	-0.000014	0.000003
365.000000	0.000002	0.000001	0.000002
366.000000	0.000009	-0.000009	-0.000004
367.000000	0.000003	-0.000000	-0.000003
368.000000	0.000004	-0.000004	0.000000
369.000000	0.000008	0.000008	0.000003
370.000000	0.000020	-0.000015	0.000013
371.000000	0.000014	-0.000012	-0.000007
372.000000	0.000007	-0.000003	-0.000006
373.000000	0.000009	-0.000009	-0.000002
374.000000	0.000006	-0.000005	-0.000003
375.000000	0.000009	-0.000009	0.000000
376.000000	0.000001	-0.000001	-0.000000
377.000000	0.000013	0.000000	-0.000013
378.000000	0.000005	0.000004	0.000004
379.000000	0.000005	0.000003	-0.000004
380.000000	0.000002	-0.000000	-0.000002
381.000000	0.000005	-0.000004	-0.000003
382.000000	0.000010	-0.000000	0.000010
383.000000	0.000008	0.000001	-0.000008
384.000000	0.000011	-0.000010	-0.000005
385.000000	0.000003	-0.000003	0.000000
386.000000	0.000002	0.000000	-0.000002
387.000000	0.000004	0.000003	-0.000002
388.000000	0.000011	-0.000003	-0.000011
389.000000	0.000011	-0.000002	-0.000011
390.000000	0.000006	0.000006	-0.000002
391.000000	0.000010	-0.000005	0.000008
392.000000	0.000005	-0.000001	0.000005
393.000000	0.000003	-0.000002	-0.000001
394.000000	0.000003	-0.000000	-0.000003
395.000000	0.000010	0.000000	0.000010
396.000000	0.000014	0.000003	-0.000014
397.000000	0.000001	-0.000000	-0.000001
398.000000	0.000001	0.000000	-0.000001
399.000000	0.000003	0.000003	0.000001
400.000000	0.000009	-0.000000	0.000009
401.000000	0.000006	0.000000	-0.000006
402.000000	0.000004	0.000004	-0.000001
403.000000	0.000013	-0.000011	0.000007
404.000000	0.000010	-0.000010	-0.000003
405.000000	0.000011	-0.000011	0.000001
406.000000	0.000011	-0.000002	-0.000010
407.000000	0.000006	-0.000000	-0.000006
408.000000	0.000011	-0.000010	-0.000004
409.000000	0.000015	-0.000001	-0.000015
410.000000	0.000009	0.000001	0.000009
411.000000	0.000004	0.000004	-0.000001
412.000000	0.000007	-0.000005	0.000004
413.000000	0.000011	-0.000010	0.000004
414.000000	0.000003	-0.000002	0.000002
415.000000	0.000010	-0.000002	0.000010
416.000000	0.000008	-0.000006	-0.000005
417.000000	0.000016	-0.000016	-0.000002
418.000000	0.000006	-0.000006	-0.000001
419.000000	0.000003	0.000001	-0.000003
420.000000	0.000007	-0.000007	-0.000003
421.000000	0.000009	-0.000006	-0.000007
422.000000	0.000005	-0.000004	-0.000003
423.000000	0.000017	-0.000009	-0.000014
424.000000	0.000008	-0.000006	0.000005
425.000000	0.000006	-0.000005	0.000004
426.000000	0.000003	0.000002	-0.000002
427.000000	0.000003	-0.000002	-0.000001
428.000000	0.000006	-0.000004	-0.000005
429.000000	0.000009	-0.000009	-0.000001
430.000000	0.000021	-0.000019	-0.000007
431.000000	0.000008	-0.000007	0.000004
432.000000	0.000011	-0.000010	0.000006
433.000000	0.000007	-0.000006	0.000002
434.000000	0.000006	-0.000003	0.000005
435.000000	0.000005	-0.000003	-0.000005
436.000000	0.000023	-0.000018	-0.000014
437.000000	0.000019	0.000018	0.000006
438.000000	0.000007	0.000007	0.000001
439.000000	0.000003	0.000001	-0.000002
440.000000	0.000005	-0.000004	-0.000002
441.000000	0.000007	-0.000006	-0.000005
442.000000	0.000008	-0.000003	0.000008
443.000000	0.000012	0.000008	-0.000009
444.000000	0.000010	-0.000008	0.000006
445.000000	0.000005	0.000000	0.000005
446.000000	0.000003	0.000001	-0.000003
447.000000	0.000010	0.000003	0.000010
448.000000	0.000005	-0.000001	-0.000005
449.000000	0.000005	0.000001	0.000005
450.000000	0.000013	-0.000010	0.000007
451.000000	0.000010	-0.000008	-0.000007
452.000000	0.000013	-0.000007	0.000011
453.000000	0.000005	-0.000002	-0.000004
454.000000	0.000006	0.000005	-0.000002
455.000000	0.000010	-0.000008	-0.000006
456.000000	0.000006	-0.000005	0.000004
457.000000	0.000006	0.000004	0.000004
458.000000	0.000021	0.000001	-0.000021
459.000000	0.000006	-0.000001	-0.000006
460.000000	0.000011	-0.000010	-0.000003
461.000000	0.000001	-0.000001	-0.000000
462.000000	0.000002	0.000002	-0.000001
463.000000	0.000004	0.000000	0.000004
464.000000	0.000010	0.000009	0.000005
465.000000	0.000013	-0.000010	-0.000008
466.000000	0.000003	-0.000001	-0.000003
467.000000	0.000007	-0.000005	-0.000004
468.000000	0.000011	-0.000011	-0.000003
469.000000	0.000013	-0.000009	-0.000009
470.000000	0.000011	0.000002	-0.000011
471.000000	0.000009	0.000009	0.000002
472.000000	0.000005	-0.000001	-0.000004
473.000000	0.000007	-0.000003	-0.000006
474.000000	0.000008	-0.000002	-0.000007
475.000000	0.000005	-0.000002	0.000004
476.000000	0.000010	-0.000006	-0.000008
477.000000	0.000016	0.000013	-0.000009
478.000000	0.000003	-0.000001	-0.000003
479.000000	0.000004	0.000004	0.000001
480.000000	0.000003	-0.000001	0.000002
481.000000	0.000003	-0.000002	-0.000003
482.000000	0.000002	0.000001	0.000002
483.000000	0.000005	0.000004	-0.000003
484.000000	0.000005	0.000002	0.000004
485.000000	0.000003	-0.000003	0.000002
486.000000	0.000011	0.000006	-0.000009
487.000000	0.000008	-0.000001	-0.000008
488.000000	0.000012	-0.000006	-0.000010
489.000000	0.000012	-0.000004	-0.000012
490.000000	0.000008	0.000003	-0.000008
491.000000	0.000002	0.000001	-0.000001
492.000000	0.000005	0.000001	0.000005
493.000000	0.000003	-0.000001	-0.000002
494.000000	0.000008	0.000007	0.000004
495.000000	0.000002	-0.000000	0.000002
496.000000	0.000009	-0.000006	-0.000007
497.000000	0.000006	0.000005	0.000003
498.000000	0.000003	-0.000002	0.000003
499.000000	0.000009	0.000007	0.000006
500.000000	0.000002	-0.000002	-0.000001
501.000000	0.000011	0.000007	-0.000009
502.000000	0.000006	-0.000002	-0.000006
503.000000	0.000008	0.000006	-0.000005
504.000000	0.000007	-0.000005	0.000004
505.000000	0.000005	0.000000	-0.000005
506.000000	0.000009	0.000007	-0.000006
507.000000	0.000000	-0.000000	-0.000000
508.000000	0.000008	0.000001	-0.000007
509.000000	0.000002	0.000002	-0.000001
510.000000	0.000005	0.000003	0.000005
511.000000	0.000010	-0.000004	0.000009
512.000000	0.000009	-0.000007	0.000007
513.000000	0.000005	-0.000001	0.000005
514.000000	0.000009	0.000006	0.000007
515.000000	0.000006	-0.000002	-0.000005
516.000000	0.000007	0.000002	-0.000007
517.000000	0.000003	0.000003	-0.000000
518.000000	0.000005	0.000001	-0.000005
519.000000	0.000002	-0.000002	-0.000000
520.000000	0.000005	-0.000002	-0.000005
521.000000	0.000006	0.000004	-0.000004
522.000000	0.000001	-0.000001	-0.000000
523.000000	0.000014	0.000012	0.000006
524.000000	0.000008	-0.000006	0.000006
525.000000	0.000008	-0.000002	-0.000007
526.000000	0.000006	-0.000002	0.000005
527.000000	0.000004	-0.000002	0.000004
528.000000	0.000002	-0.000001	0.000001
529.000000	0.000010	0.000008	-0.000006
530.000000	0.000008	0.000001	0.000008
531.000000	0.000012	-0.000009	0.000007
532.000000	0.000011	-0.000011	-0.000000
533.000000	0.000006	-0.000006	0.000001
534.000000	0.000001	-0.000001	-0.000000
535.000000	0.000011	-0.000010	0.000006
536.000000	0.000012	0.000009	-0.000008
537.000000	0.000006	0.000000	-0.000006
538.000000	0.000003	0.000002	-0.000003
539.000000	0.000002	-0.000001	-0.000002
540.000000	0.000010	-0.000010	0.000000
541.000000	0.000003	-0.000001	0.000003
542.000000	0.000018	0.000002	0.000018
543.000000	0.000008	0.000004	-0.000006
544.000000	0.000008	-0.000004	-0.000007
545.000000	0.000009	-0.000008	0.000004
546.000000	0.000005	0.000005	-0.000001
547.000000	0.000002	-0.000002	0.000001
548.000000	0.000015	-0.000006	-0.000014
549.000000	0.000009	-0.000008	0.000004
550.000000	0.000015	-0.000010	-0.000011
551.000000	0.000008	0.000001	-0.000008
552.000000	0.000002	-0.000001	0.000002
553.000000	0.000013	0.000003	-0.000013
554.000000	0.000001	0.000001	-0.000000
555.000000	0.000008	0.000000	-0.000008
556.000000	0.000012	-0.000008	-0.000009
557.000000	0.000010	0.000008	0.000006
558.000000	0.000011	-0.000003	-0.000011
559.000000	0.000006	-0.000006	0.000001
560.000000	0.000004	-0.000004	-0.000001
561.000000	0.000001	0.000001	-0.000000
562.000000	0.000008	0.000007	-0.000004
563.000000	0.000021	0.000019	-0.000009
564.000000	0.000021	-0.000018	0.000011
565.000000	0.000003	-0.000003	0.000002
566.000000	0.000009	-0.000003	-0.000008
567.000000	0.000008	-0.000006	-0.000005
568.000000	0.000013	-0.000010	-0.000009
569.000000	0.000009	-0.000007	-0.000006
570.000000	0.000020	-0.000020	0.000003
571.000000	0.000009	-0.000009	-0.000001
572.000000	0.000004	-0.000004	0.000003
573.000000	0.000003	-0.000002	-0.000002
574.000000	0.000002	0.000002	-0.000001
575.000000	0.000009	-0.000005	-0.000007
576.000000	0.000010	-0.000006	-0.000008
577.000000	0.000014	-0.000009	0.000011
578.000000	0.000004	-0.000004	-0.000000
579.000000	0.000007	-0.000006	0.000004
580.000000	0.000007	-0.000007	-0.000000
581.000000	0.000002	0.000002	0.000000
582.000000	0.000006	-0.000005	-0.000002
583.000000	0.000016	-0.000016	-0.000000
584.000000	0.000006	-0.000006	0.000003
585.000000	0.000013	-0.000002	-0.000013
586.000000	0.000005	-0.000002	-0.000005
587.000000	0.000012	-0.000010	-0.000007
588.000000	0.000009	-0.000004	-0.000008
589.000000	0.000004	0.000003	-0.000002
590.000000	0.000011	0.000001	-0.000011
591.000000	0.000012	-0.000001	0.000012
592.000000	0.000009	-0.000009	0.000001
593.000000	0.000003	-0.000001	0.000003
594.000000	0.000008	-0.000002	0.000008
595.000000	0.000012	-0.000011	-0.000003
596.000000	0.000010	-0.000010	-0.000000
597.000000	0.000015	-0.000012	-0.000010
598.000000	0.000005	0.000005	-0.000002
599.000000	0.000003	0.000000	0.000003
600.000000	0.000012	0.000000	-0.000012
601.000000	0.000005	0.000003	-0.000004
602.000000	0.000002	-0.000000	-0.000002
603.000000	0.000002	0.000001	-0.000002
604.000000	0.000011	0.000003	0.000010
605.000000	0.000013	0.000001	-0.000013
606.000000	0.000001	-0.000000	0.000001
607.000000	0.000003	-0.000003	-0.000002
608.000000	0.000008	-0.000001	-0.000007
609.000000	0.000013	-0.000005	-0.000012
610.000000	0.000006	0.000006	-0.000000
611.000000	0.000008	-0.000002	0.000007
612.000000	0.000008	-0.000003	0.000007
613.000000	0.000003	0.000003	-0.000001
614.000000	0.000002	0.000001	-0.000002
615.000000	0.000004	-0.000003	-0.000003
616.000000	0.000010	-0.000010	0.000002
617.000000	0.000004	0.000001	0.000004
618.000000	0.000013	-0.000000	-0.000013
619.000000	0.000004	-0.000004	-0.000000
620.000000	0.000001	-0.000000	-0.000001
621.000000	0.000003	0.000003	0.000001
622.000000	0.000008	0.000004	-0.000007
623.000000	0.000010	-0.000000	0.000010
624.000000	0.000004	-0.000001	-0.000003
625.000000	0.000010	-0.000009	-0.000004
626.000000	0.000005	-0.000005	-0.000000
627.000000	0.000009	-0.000009	-0.000001
628.000000	0.000005	-0.000003	0.000003
629.000000	0.000013	-0.000012	0.000004
630.000000	0.000021	-0.000014	-0.000016
631.000000	0.000010	0.000008	-0.000007
632.000000	0.000005	-0.000005	-0.000003
633.000000	0.000001	-0.000001	-0.000001
634.000000	0.000009	-0.000009	-0.000000
635.000000	0.000006	0.000001	-0.000006
636.000000	0.000015	-0.000014	-0.000006
637.000000	0.000018	0.000017	-0.000007
638.000000	0.000004	0.000004	0.000001
639.000000	0.000004	-0.000001	-0.000004
640.000000	0.000003	0.000002	0.000001
641.000000	0.000005	0.000001	0.000005
642.000000	0.000010	-0.000007	0.000007
643.000000	0.000008	-0.000008	0.000003
644.000000	0.000023	0.000009	-0.000021
645.000000	0.000004	-0.000001	0.000003
646.000000	0.000004	-0.000001	-0.000004
647.000000	0.000011	-0.000011	-0.000001
648.000000	0.000004	-0.000001	-0.000004
649.000000	0.000018	-0.000015	0.000010
650.000000	0.000014	-0.000014	0.000002
651.000000	0.000018	0.000011	-0.000014
652.000000	0.000008	0.000001	-0.000008
653.000000	0.000007	0.000002	-0.000006
654.000000	0.000004	-0.000000	0.000004
655.000000	0.000005	0.000005	-0.000003
656.000000	0.000007	-0.000007	-0.000000
657.000000	0.000009	0.000006	-0.000007
658.000000	0.000008	0.000008	0.000001
659.000000	0.000004	0.000004	-0.000002
660.000000	0.000003	-0.000000	-0.000003
661.000000	0.000006	-0.000001	-0.000006
662.000000	0.000007	-0.000006	0.000004
663.000000	0.000005	-0.000005	0.000002
664.000000	0.000010	-0.000004	-0.000009
665.000000	0.000011	0.000005	-0.000009
666.000000	0.000015	0.000003	-0.000015
667.000000	0.000007	0.000003	-0.000007
668.000000	0.000015	0.000001	-0.000015
669.000000	0.000006	0.000005	-0.000003
670.000000	0.000012	-0.000011	-0.000004
671.000000	0.000010	-0.000010	0.000000
672.000000	0.000003	-0.000001	0.000003
673.000000	0.000004	-0.000002	-0.000004
674.000000	0.000007	0.000002	-0.000007
675.000000	0.000018	-0.000011	-0.000014
676.000000	0.000010	0.000005	-0.000008
677.000000	0.000013	-0.000005	0.000012
678.000000	0.000013	-0.000012	-0.000006
679.000000	0.000008	-0.000008	-0.000002
680.000000	0.000006	-0.000006	-0.000001
681.000000	0.000001	-0.000000	-0.000001
682.000000	0.000017	-0.000010	-0.000014
683.000000	0.000028	-0.000018	-0.000021
684.000000	0.000017	0.000017	0.000004
685.000000	0.000006	-0.000002	-0.000006
686.000000	0.000006	-0.000005	0.000002
687.000000	0.000009	-0.000005	-0.000008
688.000000	0.000004	-0.000002	0.000003
689.000000	0.000012	-0.000011	-0.000005
690.000000	0.000036	0.000032	0.000015
691.000000	0.000007	0.000006	0.000004
692.000000	0.000008	0.000002	-0.000008
693.000000	0.000004	0.000004	0.000001
694.000000	0.000010	-0.000006	-0.000008
695.000000	0.000007	0.000004	-0.000005
696.000000	0.000014	-0.000010	-0.000009
697.000000	0.000010	-0.000001	-0.000010
698.000000	0.000002	-0.000002	0.000000
699.000000	0.000006	-0.000005	-0.000004
700.000000	0.000006	0.000004	-0.000005
701.000000	0.000003	-0.000003	-0.000001
702.000000	0.000013	0.000001	-0.000013
703.000000	0.000006	-0.000004	-0.000005
704.000000	0.000006	-0.000004	-0.000005
705.000000	0.000008	-0.000001	-0.000008
706.000000	0.000003	-0.000002	0.000001
707.000000	0.000005	0.000000	-0.000005
708.000000	0.000010	0.000010	0.000001
709.000000	0.000020	0.000003	-0.000019
710.000000	0.000007	0.000002	-0.000007
711.000000	0.000008	-0.000005	0.000007
712.000000	0.000010	-0.000006	-0.000008
713.000000	0.000005	-0.000005	-0.000002
714.000000	0.000010	-0.000008	-0.000006
715.000000	0.000006	0.000000	-0.000006
716.000000	0.000012	0.000001	-0.000012
717.000000	0.000003	-0.000001	0.000002
718.000000	0.000007	0.000007	-0.000001
719.000000	0.000014	0.000004	-0.000013
720.000000	0.000012	-0.000001	-0.000012
721.000000	0.000007	-0.000003	-0.000006
722.000000	0.000017	-0.000008	-0.000015
723.000000	0.000007	-0.000005	0.000004
724.000000	0.000002	-0.000001	0.000002
725.000000	0.000007	-0.000007	-0.000003
726.000000	0.000007	-0.000006	0.000001
727.000000	0.000006	-0.000003	-0.000005
728.000000	0.000002	-0.000002	-0.000001
729.000000	0.000022	-0.000018	-0.000012
730.000000	0.000020	-0.000018	-0.000008
731.000000	0.000006	0.000005	0.000003
732.000000	0.000006	0.000004	-0.000004
733.000000	0.000003	-0.000000	-0.000003
734.000000	0.000006	0.000002	-0.000006
735.000000	0.000013	0.000011	-0.000008
736.000000	0.000010	-0.000006	-0.000008
737.000000	0.000029	0.000022	0.000018
738.000000	0.000014	0.000008	-0.000012
739.000000	0.000006	0.000002	-0.000006
740.000000	0.000006	0.000005	-0.000004
741.000000	0.000005	-0.000003	-0.000003
742.000000	0.000011	0.000002	-0.000011
743.000000	0.000010	0.000005	0.000009
744.000000	0.000025	-0.000015	0.000020
745.000000	0.000003	0.000003	-0.000001
746.000000	0.000007	-0.000006	-0.000004
747.000000	0.000005	0.000000	-0.000005
748.000000	0.000003	-0.000003	0.000002
749.000000	0.000014	0.000014	-0.000003
750.000000	0.000008	0.000005	-0.000007
751.000000	0.000015	-0.000011	-0.000010
752.000000	0.000004	-0.000004	-0.000001
753.000000	0.000003	-0.000003	-0.000000
754.000000	0.000003	0.000003	-0.000001
755.000000	0.000007	-0.000004	-0.000006
756.000000	0.000012	-0.000011	0.000006
757.000000	0.000022	0.000018	-0.000012
758.000000	0.000007	0.000005	-0.000004
759.000000	0.000005	0.000003	-0.000004
760.000000	0.000006	-0.000003	-0.000005
761.000000	0.000005	-0.000005	0.000001
762.000000	0.000005	0.000005	0.000000
763.000000	0.000016	-0.000000	-0.000016
764.000000	0.000012	-0.000004	-0.000011
765.000000	0.000006	0.000004	-0.000005
766.000000	0.000011	0.000003	-0.000010
767.000000	0.000011	0.000008	-0.000008
768.000000	0.000013	0.000003	-0.000012
769.000000	0.000005	0.000000	-0.000005
770.000000	0.000012	-0.000008	0.000008
771.000000	0.000011	-0.000002	-0.000010
772.000000	0.000007	0.000004	-0.000005
773.000000	0.000011	-0.000005	-0.000010
774.000000	0.000008	-0.000005	-0.000006
775.000000	0.000006	-0.000001	-0.000006
776.000000	0.000028	-0.000023	-0.000017
777.000000	0.000029	0.000027	0.000011
778.000000	0.000004	-0.000001	-0.000003
779.000000	0.000008	-0.000001	-0.000008
780.000000	0.000002	0.000001	-0.000002
781.000000	0.000014	-0.000002	-0.000014
782.000000	0.000013	0.000006	-0.000011
783.000000	0.000033	0.000031	0.000011
784.000000	0.000023	-0.000019	-0.000013
785.000000	0.000007	-0.000006	0.000003
786.000000	0.000008	-0.000003	-0.000007
787.000000	0.000001	0.000000	0.000001
788.000000	0.000005	-0.000001	0.000005
789.000000	0.000011	-0.000011	-0.000002
790.000000	0.000013	-0.000002	-0.000013
791.000000	0.000012	0.000004	-0.000012
792.000000	0.000009	-0.000006	-0.000007
793.000000	0.000010	-0.000008	-0.000007
794.000000	0.000017	-0.000008	-0.000015
795.000000	0.000016	0.000001	-0.000015
796.000000	0.000033	-0.000025	-0.000021
797.000000	0.000010	0.000009	0.000004
798.000000	0.000011	0.000006	-0.000009
799.000000	0.000013	0.000001	-0.000013
800.000000	0.000007	0.000005	-0.000006
801.000000	0.000004	-0.000001	-0.000004
802.000000	0.000013	0.000009	-0.000009
803.000000	0.000005	-0.000004	-0.000004
804.000000	0.000003	0.000002	-0.000002
805.000000	0.000003	-0.000001	-0.000003
806.000000	0.000008	-0.000006	-0.000005
807.000000	0.000011	-0.000006	-0.000009
808.000000	0.000010	-0.000009	-0.000004
809.000000	0.000024	-0.000012	-0.000021
810.000000	0.000010	-0.000000	-0.000010
811.000000	0.000008	-0.000006	-0.000005
812.000000	0.000008	0.000002	-0.000008
813.000000	0.000009	-0.000001	-0.000009
814.000000	0.000014	0.000005	-0.000013
815.000000	0.000011	0.000009	-0.000006
816.000000	0.000019	-0.000000	-0.000019
817.000000	0.000009	0.000007	-0.000005
818.000000	0.000008	-0.000002	-0.000008
819.000000	0.000012	0.000001	-0.000012
820.000000	0.000011	-0.000011	-0.000001
821.000000	0.000008	-0.000006	-0.000006
822.000000	0.000009	0.000006	-0.000008
823.000000	0.000032	-0.000015	-0.000028
824.000000	0.000014	0.000014	-0.000001
825.000000	0.000004	-0.000001	-0.000004
826.000000	0.000019	0.000002	-0.000019
827.000000	0.000012	0.000005	-0.000011
828.000000	0.000020	-0.000008	-0.000019
829.000000	0.000025	-0.000005	-0.000025
830.000000	0.000004	0.000004	-0.000002
831.000000	0.000012	0.000007	-0.000010
832.000000	0.000016	0.000014	-0.000009
833.000000	0.000019	-0.000003	-0.000019
834.000000	0.000015	0.000006	-0.000014
835.000000	0.000003	0.000002	-0.000002
836.000000	0.000012	-0.000002	-0.000012
837.000000	0.000014	0.000003	-0.000014
838.000000	0.000016	-0.000010	-0.000013
839.000000	0.000012	-0.000003	-0.000011
840.000000	0.000009	-0.000008	-0.000004
841.000000	0.000017	-0.000005	-0.000016
842.000000	0.000014	0.000000	-0.000014
843.000000	0.000010	0.000005	-0.000008
844.000000	0.000014	-0.000012	-0.000007
845.000000	0.000007	0.000001	-0.000007
846.000000	0.000014	-0.000002	-0.000014
847.000000	0.000010	0.000007	-0.000007
848.000000	0.000007	0.000007	-0.000001
849.000000	0.000028	0.000025	-0.000012
850.000000	0.000006	-0.000003	-0.000005
851.000000	0.000019	-0.000003	-0.000019
852.000000	0.000019	0.000007	-0.000017
853.000000	0.000014	-0.000000	-0.000014
854.000000	0.000021	0.000002	-0.000021
855.000000	0.000018	-0.000005	-0.000017
856.000000	0.000012	-0.000000	-0.000012
857.000000	0.000029	-0.000019	-0.000021
858.000000	0.000017	-0.000015	-0.000009
859.000000	0.000020	0.000000	-0.000020
860.000000	0.000023	-0.000005	-0.000022
861.000000	0.000020	-0.000005	-0.000019
862.000000	0.000020	0.000003	-0.000019
863.000000	0.000032	-0.000007	-0.000031
864.000000	0.000025	0.000010	-0.000023
865.000000	0.000015	0.000001	-0.000015
866.000000	0.000015	0.000003	-0.000015
867.000000	0.000010	0.000002	-0.000010
868.000000	0.000017	0.000005	-0.000016
869.000000	0.000022	0.000003	-0.000021
870.000000	0.000015	-0.000015	0.000003
871.000000	0.000017	-0.000004	-0.000016
872.000000	0.000008	-0.000001	-0.000008
873.000000	0.000020	0.000001	-0.000020
874.000000	0.000013	0.000002	-0.000013
875.000000	0.000016	0.000005	-0.000015
876.000000	0.000030	-0.000001	-0.000030
877.000000	0.000029	-0.000017	-0.000023
878.000000	0.000023	-0.000003	-0.000023
879.000000	0.000023	0.000001	-0.000023
880.000000	0.000023	-0.000005	-0.000022
881.000000	0.000027	0.000004	-0.000027
882.000000	0.000018	0.000009	-0.000015
883.000000	0.000033	0.000004	-0.000033
884.000000	0.000027	0.000005	-0.000026
885.000000	0.000010	0.000003	-0.000010
886.000000	0.000027	0.000010	-0.000025
887.000000	0.000010	0.000000	-0.000010
888.000000	0.000023	0.000002	-0.000023
889.000000	0.000019	-0.000006	-0.000017
890.000000	0.000054	-0.000008	-0.000053
891.000000	0.000048	-0.000005	-0.000048
892.000000	0.000032	-0.000012	-0.000029
893.000000	0.000039	-0.000012	-0.000037
894.000000	0.000026	-0.000004	-0.000026
895.000000	0.000029	0.000006	-0.000028
896.000000	0.000034	0.000017	-0.000029
897.000000	0.000040	-0.000022	-0.000034
898.000000	0.000031	-0.000004	-0.000031
899.000000	0.000026	0.000007	-0.000026
900.000000	0.000022	0.000000	-0.000022
901.000000	0.000022	0.000003	-0.000021
902.000000	0.000019	-0.000001	-0.000019
903.000000	0.000039	-0.000002	-0.000039
904.000000	0.000021	0.000003	-0.000021
905.000000	0.000025	-0.000010	-0.000023
906.000000	0.000036	0.000001	-0.000036
907.000000	0.000039	-0.000012	-0.000037
908.000000	0.000044	-0.000002	-0.000044
909.000000	0.000046	0.000010	-0.000045
910.000000	0.000044	-0.000022	-0.000039
911.000000	0.000040	0.000008	-0.000039
912.000000	0.000046	0.000003	-0.000046
913.000000	0.000049	0.000004	-0.000049
914.000000	0.000028	0.000005	-0.000028
915.000000	0.000030	0.000000	-0.000030
916.000000	0.000067	0.000029	-0.000061
917.000000	0.000035	-0.000009	-0.000033
918.000000	0.000031	-0.000008	-0.000030
919.000000	0.000024	0.000004	-0.000023
920.000000	0.000052	-0.000015	-0.000050
921.000000	0.000048	0.000011	-0.000047
922.000000	0.000041	-0.000011	-0.000040
923.000000	0.000056	-0.000000	-0.000056
924.000000	0.000051	-0.000020	-0.000047
925.000000	0.000058	-0.000004	-0.000058
926.000000	0.000066	0.000016	-0.000064
927.000000	0.000061	-0.000010	-0.000060
928.000000	0.000074	-0.000002	-0.000074
929.000000	0.000058	0.000021	-0.000054
930.000000	0.000073	-0.000002	-0.000073
931.000000	0.000056	-0.000008	-0.000055
932.000000	0.000046	-0.000010	-0.000045
933.000000	0.000072	-0.000002	-0.000072
934.000000	0.000044	0.000008	-0.000043
935.000000	0.000065	-0.000011	-0.000064
936.000000	0.000054	0.000013	-0.000052
937.000000	0.000081	-0.000029	-0.000075
938.000000	0.000096	-0.000013	-0.000095
939.000000	0.000073	-0.000003	-0.000073
940.000000	0.000097	-0.000025	-0.000094
941.000000	0.000087	-0.000003	-0.000086
942.000000	0.000096	-0.000004	-0.000096
943.000000	0.000126	0.000006	-0.000126
944.000000	0.000073	-0.000000	-0.000073
945.000000	0.000104	-0.000006	-0.000103
946.000000	0.000102	0.000013	-0.000101
947.000000	0.000102	0.000006	-0.000102
948.000000	0.000113	0.000011	-0.000112
949.000000	0.000094	0.000005	-0.000094
950.000000	0.000125	-0.000015	-0.000125
951.000000	0.000123	0.000011	-0.000123
952.000000	0.000108	-0.000009	-0.000108
953.000000	0.000142	0.000001	-0.000142
954.000000	0.000128	-0.000027	-0.000125
955.000000	0.000150	-0.000012	-0.000150
956.000000	0.000158	0.000017	-0.000157
957.000000	0.000168	-0.000028	-0.000165
958.000000	0.000199	-0.000004	-0.000199
959.000000	0.000188	-0.000009	-0.000187
960.000000	0.000228	-0.000000	-0.000228
961.000000	0.000192	0.000019	-0.000191
962.000000	0.000200	0.000008	-0.000200
963.000000	0.000255	0.000032	-0.000253
964.000000	0.000233	0.000002	-0.000233
965.000000	0.000244	-0.000003	-0.000244
966.000000	0.000232	0.000034	-0.000230
967.000000	0.000275	-0.000039	-0.000272
968.000000	0.000293	0.000027	-0.000292
969.000000	0.000320	0.000008	-0.000319
970.000000	0.000386	-0.000041	-0.000384
971.000000	0.000372	-0.000028	-0.000371
972.000000	0.000418	-0.000041	-0.000416
973.000000	0.000497	0.000037	-0.000495
974.000000	0.000488	-0.000013	-0.000488
975.000000	0.000565	-0.000008	-0.000565
976.000000	0.000620	0.000050	-0.000618
977.000000	0.000709	-0.000015	-0.000709
978.000000	0.000729	0.000055	-0.000727
979.000000	0.000770	0.000065	-0.000767
980.000000	0.000981	-0.000026	-0.000981
981.000000	0.001021	0.000064	-0.001019
982.000000	0.001231	0.000014	-0.001231
983.000000	0.001430	0.000093	-0.001427
984.000000	0.001702	-0.000105	-0.001699
985.000000	0.002302	-0.000084	-0.002300
986.000000	0.002892	0.000047	-0.002892
987.000000	0.004059	-0.000066	-0.004058
988.000000	0.006389	-0.000018	-0.006389
989.000000	0.013381	0.000049	-0.013381
990.000000	500.000702	0.044074	500.000702
991.000000	0.014815	-0.000049	0.014814
992.000000	0.007791	-0.000002	0.007791
993.000000	0.005447	-0.000046	0.005447
994.000000	0.004377	0.000027	0.004377
995.000000	0.003775	-0.000090	0.003774
996.000000	0.003222	-0.000083	0.003221
997.000000	0.002948	0.000033	0.002948
998.000000	0.002916	0.000029	0.002916
999.000000	0.002830	0.000067	0.002829
