0.000000	-0.000000	0.000000	-44.849079	15.058491	47.309597
1.000000	-12.458077	4.182914	-44.847775	15.050718	47.305885
2.000000	-24.915792	8.363669	-44.847767	17.791803	48.248009
3.000000	-37.373505	13.305837	-40.363373	17.791805	44.110661
4.000000	-48.585552	18.248005	-40.363426	17.791803	44.110706
5.000000	-59.797615	23.190172	-44.848167	16.423206	47.760651
6.000000	-72.255440	27.752174	-40.363415	17.791809	44.110699
7.000000	-83.467499	32.694344	-40.363415	16.423201	43.576675
8.000000	-94.679558	37.256344	-40.363468	16.423201	43.576729
9.000000	-105.891632	41.818344	-40.363468	19.160404	44.680317
10.000000	-117.103706	47.140678	-40.363247	16.423214	43.576527
11.000000	-128.315720	51.702682	-31.393763	17.791796	36.084850
12.000000	-137.036209	56.644848	-44.848331	19.160404	48.769806
13.000000	-149.494080	61.967182	-35.878437	17.791822	40.047611
14.000000	-159.460312	66.909355	-49.333008	19.160404	52.923214
15.000000	-173.163925	72.231689	-35.878654	19.160404	40.674301
16.000000	-183.130219	77.554024	-44.848167	20.528997	49.323402
17.000000	-195.588043	83.256523	-35.878654	19.160404	40.674301
18.000000	-205.554337	88.578857	-40.363327	20.529190	45.284058
19.000000	-216.766373	94.281410	-40.363327	21.897429	45.920536
20.000000	-227.978409	100.364029	-35.878601	21.897593	42.033066
21.000000	-237.944687	106.446693	-35.878601	19.160404	40.674255
22.000000	-247.910965	111.769028	-40.363388	20.529026	45.284039
23.000000	-259.123016	117.471535	-40.363327	16.423187	43.576591
24.000000	-270.335052	122.033531	-35.878601	16.423214	39.458790
25.000000	-280.301331	126.595535	-44.848278	15.054620	47.307606
26.000000	-292.759186	130.777374	-35.878490	21.897564	42.032955
27.000000	-302.725433	136.860031	-35.878712	17.791809	40.047852
28.000000	-312.691742	141.802200	-44.848167	15.054620	47.307503
29.000000	-325.149567	145.984039	-44.848167	19.160486	48.769688
30.000000	-337.607391	151.306396	-49.333008	17.791698	52.443207
31.000000	-351.311005	156.248535	-44.848278	21.897730	49.908703
32.000000	-363.768860	162.331238	-44.848167	20.528889	49.323357
33.000000	-376.226685	168.033707	-49.333118	24.634809	55.141911
34.000000	-389.930328	174.876709	-44.848167	27.372053	52.541294
35.000000	-402.388153	182.480057	-40.363327	34.214996	52.913742
36.000000	-413.600189	191.984222	-31.393763	35.583618	47.452736
37.000000	-422.320679	201.868561	-31.393763	36.952183	48.487446
38.000000	-431.041168	212.133057	-26.908924	38.320808	46.824936
39.000000	-438.515869	222.777725	-31.393763	36.952240	48.487488
40.000000	-447.236359	233.042236	-31.393763	32.846375	45.436249
41.000000	-455.956848	242.166229	-31.393763	26.003429	40.764526
42.000000	-464.677338	249.389404	-35.878490	21.897619	42.032986
43.000000	-474.643585	255.472076	-31.393763	15.054565	34.816780
44.000000	-483.364075	259.653900	-35.878601	5.474378	36.293842
45.000000	-493.330353	261.174561	-31.393763	1.368677	31.423584
46.000000	-502.050842	261.554749	-31.393763	0.000000	31.393763
47.000000	-510.771332	261.554749	-31.393763	-2.737244	31.512869
48.000000	-519.491821	260.794403	-26.908812	-4.105811	27.220247
49.000000	-526.966492	259.653900	-17.939356	-4.105811	18.403210
50.000000	-531.949646	258.513397	-17.939356	-2.737134	18.146967
51.000000	-536.932800	257.753082	-8.969458	-2.737244	9.377829
52.000000	-539.424316	256.992737	-8.969678	-1.368567	9.073483
53.000000	-541.915894	256.612579	-8.969678	0.000000	8.969678
54.000000	-544.407471	256.612579	-4.484839	-2.737244	5.254168
55.000000	-545.653259	255.852234	-4.484839	0.000000	4.484839
56.000000	-546.899048	255.852234	0.000000	0.000000	0.000000
57.000000	-546.899048	255.852234	0.000000	0.000000	0.000000
58.000000	-546.899048	255.852234	0.000000	0.000000	0.000000
59.000000	-546.899048	255.852234	0.000000	0.000000	0.000000
60.000000	-546.899048	255.852234	0.000000	-1.368567	1.368567
61.000000	-546.899048	255.472076	0.000000	0.000000	0.000000
62.000000	-546.899048	255.472076	0.000000	0.000000	0.000000
63.000000	-546.899048	255.472076	0.000000	0.000000	0.000000
64.000000	-546.899048	255.472076	0.000000	0.000000	0.000000
65.000000	-546.899048	255.472076	0.000000	0.000000	0.000000
66.000000	-546.899048	255.472076	0.000000	0.000000	0.000000
67.000000	-546.899048	255.472076	0.000000	0.000000	0.000000
68.000000	-546.899048	255.472076	0.000000	0.000000	0.000000
69.000000	-546.899048	255.472076	0.000000	0.000000	0.000000
70.000000	-546.899048	255.472076	0.000000	0.000000	0.000000
71.000000	-546.899048	255.472076	0.000000	0.000000	0.000000
72.000000	-546.899048	255.472076	-4.484839	-1.368567	4.689003
73.000000	-548.144836	255.091919	-4.484839	0.000000	4.484839
74.000000	-549.390625	255.091919	-4.484839	-1.368677	4.689036
75.000000	-550.636414	254.711731	0.000000	0.000000	0.000000
76.000000	-550.636414	254.711731	-4.484839	0.000000	4.484839
77.000000	-551.882202	254.711731	0.000000	0.000000	0.000000
78.000000	-551.882202	254.711731	0.000000	-1.368567	1.368567
79.000000	-551.882202	254.331573	0.000000	0.000000	0.000000
80.000000	-551.882202	254.331573	0.000000	0.000000	0.000000
81.000000	-551.882202	254.331573	0.000000	0.000000	0.000000
82.000000	-551.882202	254.331573	0.000000	0.000000	0.000000
83.000000	-551.882202	254.331573	0.000000	0.000000	0.000000
84.000000	-551.882202	254.331573	-13.454297	-1.368622	13.523728
85.000000	-555.619507	253.951401	-4.485059	-1.368622	4.689230
86.000000	-556.865356	253.571228	-8.969458	0.000000	8.969458
87.000000	-559.356873	253.571228	-4.484839	-1.368567	4.689003
88.000000	-560.602661	253.191071	-4.484839	-2.737189	5.254140
89.000000	-561.848450	252.430740	-13.454516	0.000000	13.454516
90.000000	-565.585815	252.430740	-4.484839	0.000000	4.484839
91.000000	-566.831604	252.430740	-8.969678	-2.737244	9.378039
92.000000	-569.323181	251.670395	-8.969458	-1.368567	9.073266
93.000000	-571.814697	251.290237	-13.454516	-2.737189	13.730121
94.000000	-575.552063	250.529907	-8.969678	-1.368622	9.073491
95.000000	-578.043640	250.149734	-8.969678	0.000000	8.969678
96.000000	-580.535217	250.149734	-4.484839	-2.737189	5.254140
97.000000	-581.781006	249.389404	0.000000	0.000000	0.000000
98.000000	-581.781006	249.389404	-4.484839	0.000000	4.484839
99.000000	-583.026794	249.389404	-4.484839	0.000000	4.484839
100.000000	-584.272583	249.389404	0.000000	0.000000	0.000000
101.000000	-584.272583	249.389404	-4.484839	-2.737189	5.254140
102.000000	-585.518372	248.629074	-8.969458	0.000000	8.969458
103.000000	-588.009888	248.629074	0.000000	0.000000	0.000000
104.000000	-588.009888	248.629074	-8.969678	-2.737244	9.378039
105.000000	-590.501465	247.868729	-8.969678	0.000000	8.969678
106.000000	-592.993042	247.868729	-4.484839	-1.368567	4.689003
107.000000	-594.238831	247.488571	-4.484839	0.000000	4.484839
108.000000	-595.484619	247.488571	-4.484839	-1.368622	4.689020
109.000000	-596.730408	247.108398	-4.484839	0.000000	4.484839
110.000000	-597.976196	247.108398	0.000000	0.000000	0.000000
111.000000	-597.976196	247.108398	-8.969678	0.000000	8.969678
112.000000	-600.467773	247.108398	0.000000	0.000000	0.000000
113.000000	-600.467773	247.108398	0.000000	-1.368622	1.368622
114.000000	-600.467773	246.728226	0.000000	0.000000	0.000000
115.000000	-600.467773	246.728226	0.000000	0.000000	0.000000
116.000000	-600.467773	246.728226	0.000000	0.000000	0.000000
117.000000	-600.467773	246.728226	0.000000	0.000000	0.000000
118.000000	-600.467773	246.728226	0.000000	0.000000	0.000000
119.000000	-600.467773	246.728226	0.000000	0.000000	0.000000
120.000000	-600.467773	246.728226	0.000000	0.000000	0.000000
121.000000	-600.467773	246.728226	0.000000	0.000000	0.000000
122.000000	-600.467773	246.728226	0.000000	0.000000	0.000000
123.000000	-600.467773	246.728226	0.000000	0.000000	0.000000
124.000000	-600.467773	246.728226	0.000000	0.000000	0.000000
125.000000	-600.467773	246.728226	0.000000	0.000000	0.000000
126.000000	-600.467773	246.728226	0.000000	0.000000	0.000000
127.000000	-600.467773	246.728226	0.000000	0.000000	0.000000
128.000000	-600.467773	246.728226	0.000000	0.000000	0.000000
129.000000	-600.467773	246.728226	0.000000	0.000000	0.000000
130.000000	-600.467773	246.728226	0.000000	0.000000	0.000000
131.000000	-600.467773	246.728226	-8.969458	-1.368567	9.073266
132.000000	-602.959290	246.348068	0.000000	0.000000	0.000000
133.000000	-602.959290	246.348068	0.000000	0.000000	0.000000
134.000000	-602.959290	246.348068	0.000000	0.000000	0.000000
135.000000	-602.959290	246.348068	-4.484839	0.000000	4.484839
136.000000	-604.205078	246.348068	0.000000	0.000000	0.000000
137.000000	-604.205078	246.348068	-4.484839	-2.737189	5.254140
138.000000	-605.450867	245.587738	-4.484839	0.000000	4.484839
139.000000	-606.696655	245.587738	-4.484839	0.000000	4.484839
140.000000	-607.942444	245.587738	-8.969678	0.000000	8.969678
141.000000	-610.434021	245.587738	0.000000	-2.737244	2.737244
142.000000	-610.434021	244.827393	-8.969678	0.000000	8.969678
143.000000	-612.925598	244.827393	-4.484839	0.000000	4.484839
144.000000	-614.171387	244.827393	0.000000	0.000000	0.000000
145.000000	-614.171387	244.827393	0.000000	0.000000	0.000000
146.000000	-614.171387	244.827393	0.000000	0.000000	0.000000
147.000000	-614.171387	244.827393	0.000000	0.000000	0.000000
148.000000	-614.171387	244.827393	-4.484839	0.000000	4.484839
149.000000	-615.417175	244.827393	-4.484839	-2.737189	5.254140
150.000000	-616.662964	244.067062	-4.484619	-1.368567	4.688793
151.000000	-617.908691	243.686905	-4.484839	0.000000	4.484839
152.000000	-619.154480	243.686905	-4.484839	-1.368622	4.689020
153.000000	-620.400269	243.306732	-4.484839	0.000000	4.484839
154.000000	-621.646057	243.306732	-8.969678	-1.368622	9.073491
155.000000	-624.137634	242.926559	-8.969678	-1.368567	9.073483
156.000000	-626.629211	242.546402	-4.484839	0.000000	4.484839
157.000000	-627.875000	242.546402	-4.484839	0.000000	4.484839
158.000000	-629.120789	242.546402	-8.969678	-1.368622	9.073491
159.000000	-631.612366	242.166229	-8.969458	0.000000	8.969458
160.000000	-634.103882	242.166229	0.000000	-1.368567	1.368567
161.000000	-634.103882	241.786072	-8.969678	0.000000	8.969678
162.000000	-636.595459	241.786072	0.000000	-2.737134	2.737134
163.000000	-636.595459	241.025757	0.000000	0.000000	0.000000
164.000000	-636.595459	241.025757	-8.969678	0.000000	8.969678
165.000000	-639.087036	241.025757	0.000000	-1.368677	1.368677
166.000000	-639.087036	240.645569	-4.484839	0.000000	4.484839
167.000000	-640.332825	240.645569	0.000000	0.000000	0.000000
168.000000	-640.332825	240.645569	0.000000	0.000000	0.000000
169.000000	-640.332825	240.645569	0.000000	0.000000	0.000000
170.000000	-640.332825	240.645569	0.000000	0.000000	0.000000
171.000000	-640.332825	240.645569	0.000000	0.000000	0.000000
172.000000	-640.332825	240.645569	0.000000	0.000000	0.000000
173.000000	-640.332825	240.645569	0.000000	0.000000	0.000000
174.000000	-640.332825	240.645569	0.000000	0.000000	0.000000
175.000000	-640.332825	240.645569	0.000000	0.000000	0.000000
176.000000	-640.332825	240.645569	0.000000	0.000000	0.000000
177.000000	-640.332825	240.645569	0.000000	0.000000	0.000000
178.000000	-640.332825	240.645569	0.000000	0.000000	0.000000
179.000000	-640.332825	240.645569	0.000000	0.000000	0.000000
180.000000	-640.332825	240.645569	0.000000	0.000000	0.000000
181.000000	-640.332825	240.645569	0.000000	0.000000	0.000000
182.000000	-640.332825	240.645569	0.000000	0.000000	0.000000
183.000000	-640.332825	240.645569	0.000000	0.000000	0.000000
184.000000	-640.332825	240.645569	0.000000	0.000000	0.000000
185.000000	-640.332825	240.645569	0.000000	0.000000	0.000000
186.000000	-640.332825	240.645569	0.000000	0.000000	0.000000
187.000000	-640.332825	240.645569	0.000000	0.000000	0.000000
188.000000	-640.332825	240.645569	0.000000	0.000000	0.000000
189.000000	-640.332825	240.645569	0.000000	0.000000	0.000000
190.000000	-640.332825	240.645569	0.000000	0.000000	0.000000
191.000000	-640.332825	240.645569	0.000000	0.000000	0.000000
192.000000	-640.332825	240.645569	0.000000	0.000000	0.000000
193.000000	-640.332825	240.645569	0.000000	0.000000	0.000000
194.000000	-640.332825	240.645569	0.000000	0.000000	0.000000
195.000000	-640.332825	240.645569	0.000000	0.000000	0.000000
196.000000	-640.332825	240.645569	0.000000	0.000000	0.000000
197.000000	-640.332825	240.645569	0.000000	0.000000	0.000000
198.000000	-640.332825	240.645569	0.000000	0.000000	0.000000
199.000000	-640.332825	240.645569	0.000000	0.000000	0.000000
200.000000	-640.332825	240.645569	0.000000	0.000000	0.000000
201.000000	-640.332825	240.645569	0.000000	0.000000	0.000000
202.000000	-640.332825	240.645569	-4.484839	0.000000	4.484839
203.000000	-641.578613	240.645569	0.000000	0.000000	0.000000
204.000000	-641.578613	240.645569	-8.969678	-1.368622	9.073491
205.000000	-644.070190	240.265396	-8.969678	0.000000	8.969678
206.000000	-646.561768	240.265396	0.000000	-1.368567	1.368567
207.000000	-646.561768	239.885239	-8.969678	0.000000	8.969678
208.000000	-649.053345	239.885239	0.000000	-1.368622	1.368622
209.000000	-649.053345	239.505066	-13.454297	-1.368622	13.523728
210.000000	-652.790649	239.124893	-4.484839	0.000000	4.484839
211.000000	-654.036438	239.124893	-8.969678	-1.368567	9.073483
212.000000	-656.528015	238.744736	-17.939356	-1.368622	17.991488
213.000000	-661.511169	238.364563	-8.969458	-4.105811	9.864525
214.000000	-664.002686	237.224060	-8.969678	-1.368567	9.073483
215.000000	-666.494263	236.843903	-8.969678	-2.737244	9.378039
216.000000	-668.985840	236.083557	-17.939356	-2.737189	18.146975
217.000000	-673.968994	235.323227	-13.454516	-5.474378	14.525592
218.000000	-677.706360	233.802567	-8.969678	-1.368622	9.073491
219.000000	-680.197937	233.422394	-8.969458	-1.368567	9.073266
220.000000	-682.689453	233.042236	-8.969678	-1.368622	9.073491
221.000000	-685.181030	232.662064	-8.969678	-1.368622	9.073491
222.000000	-687.672607	232.281891	-8.969678	-2.737189	9.378023
223.000000	-690.164185	231.521561	-4.484839	0.000000	4.484839
224.000000	-691.409973	231.521561	-4.484839	0.000000	4.484839
225.000000	-692.655762	231.521561	-8.969458	0.000000	8.969458
226.000000	-695.147278	231.521561	0.000000	-2.737189	2.737189
227.000000	-695.147278	230.761230	-8.969678	0.000000	8.969678
228.000000	-697.638855	230.761230	-13.454516	0.000000	13.454516
229.000000	-701.376221	230.761230	-8.969678	-2.737189	9.378023
230.000000	-703.867798	230.000900	-4.484839	0.000000	4.484839
231.000000	-705.113586	230.000900	-8.969678	0.000000	8.969678
232.000000	-707.605164	230.000900	-8.969678	0.000000	8.969678
233.000000	-710.096741	230.000900	0.000000	0.000000	0.000000
234.000000	-710.096741	230.000900	-8.969458	0.000000	8.969458
235.000000	-712.588257	230.000900	-4.484839	0.000000	4.484839
236.000000	-713.834045	230.000900	-8.969678	0.000000	8.969678
237.000000	-716.325623	230.000900	-13.454516	-2.737134	13.730110
238.000000	-720.062988	229.240585	0.000000	0.000000	0.000000
239.000000	-720.062988	229.240585	-13.454516	0.000000	13.454516
240.000000	-723.800354	229.240585	-8.969678	0.000000	8.969678
241.000000	-726.291931	229.240585	-4.484839	0.000000	4.484839
242.000000	-727.537720	229.240585	-4.484619	0.000000	4.484619
243.000000	-728.783447	229.240585	-4.484839	0.000000	4.484839
244.000000	-730.029236	229.240585	-8.969678	0.000000	8.969678
245.000000	-732.520813	229.240585	0.000000	-1.368677	1.368677
246.000000	-732.520813	228.860397	-4.484839	0.000000	4.484839
247.000000	-733.766602	228.860397	-4.484839	0.000000	4.484839
248.000000	-735.012390	228.860397	-4.484839	0.000000	4.484839
249.000000	-736.258179	228.860397	-4.484839	0.000000	4.484839
250.000000	-737.503967	228.860397	-8.969678	0.000000	8.969678
251.000000	-739.995544	228.860397	-4.484839	0.000000	4.484839
252.000000	-741.241333	228.860397	-8.969458	0.000000	8.969458
253.000000	-743.732849	228.860397	0.000000	-1.368622	1.368622
254.000000	-743.732849	228.480225	-13.454516	0.000000	13.454516
255.000000	-747.470215	228.480225	-4.484839	0.000000	4.484839
256.000000	-748.716003	228.480225	-8.969678	0.000000	8.969678
257.000000	-751.207581	228.480225	-8.969678	0.000000	8.969678
258.000000	-753.699158	228.480225	-8.969678	0.000000	8.969678
259.000000	-756.190735	228.480225	-17.939137	0.000000	17.939137
260.000000	-761.173828	228.480225	-17.939356	0.000000	17.939356
261.000000	-766.156982	228.480225	-8.969678	0.000000	8.969678
262.000000	-768.648560	228.480225	-17.939137	-1.368567	17.991264
263.000000	-773.631653	228.100067	-17.939356	0.000000	17.939356
264.000000	-778.614807	228.100067	-22.424196	0.000000	22.424196
265.000000	-784.843750	228.100067	-17.939137	0.000000	17.939137
266.000000	-789.826843	228.100067	-22.424196	-1.368622	22.465923
267.000000	-796.055786	227.719894	-22.424196	0.000000	22.424196
268.000000	-802.284729	227.719894	-17.939137	0.000000	17.939137
269.000000	-807.267822	227.719894	-17.939356	0.000000	17.939356
270.000000	-812.250977	227.719894	-17.939356	0.000000	17.939356
271.000000	-817.234131	227.719894	-13.454516	-2.737189	13.730121
272.000000	-820.971497	226.959564	-13.454297	0.000000	13.454297
273.000000	-824.708801	226.959564	-8.969678	0.000000	8.969678
274.000000	-827.200378	226.959564	-8.969678	0.000000	8.969678
275.000000	-829.691956	226.959564	-4.484839	0.000000	4.484839
276.000000	-830.937744	226.959564	-4.484839	0.000000	4.484839
277.000000	-832.183533	226.959564	-8.969678	0.000000	8.969678
278.000000	-834.675110	226.959564	-4.484839	0.000000	4.484839
279.000000	-835.920898	226.959564	-13.454297	0.000000	13.454297
280.000000	-839.658203	226.959564	-13.454516	0.000000	13.454516
281.000000	-843.395569	226.959564	-13.454516	0.000000	13.454516
282.000000	-847.132935	226.959564	-17.939356	0.000000	17.939356
283.000000	-852.116089	226.959564	-13.454297	0.000000	13.454297
284.000000	-855.853394	226.959564	-17.939356	-2.737189	18.146975
285.000000	-860.836548	226.199234	-22.424196	0.000000	22.424196
286.000000	-867.065491	226.199234	-13.454297	0.000000	13.454297
287.000000	-870.802795	226.199234	-17.939356	0.000000	17.939356
288.000000	-875.785950	226.199234	-17.939356	0.000000	17.939356
289.000000	-880.769104	226.199234	-17.939137	-1.368622	17.991268
290.000000	-885.752197	225.819061	-13.454516	0.000000	13.454516
291.000000	-889.489563	225.819061	-13.454516	0.000000	13.454516
292.000000	-893.226929	225.819061	-8.969678	0.000000	8.969678
293.000000	-895.718506	225.819061	-13.454297	0.000000	13.454297
294.000000	-899.455811	225.819061	-8.969678	0.000000	8.969678
295.000000	-901.947388	225.819061	-13.454516	0.000000	13.454516
296.000000	-905.684753	225.819061	-13.454516	0.000000	13.454516
297.000000	-909.422119	225.819061	-13.454516	0.000000	13.454516
298.000000	-913.159485	225.819061	-8.969458	0.000000	8.969458
299.000000	-915.651001	225.819061	-13.454516	-1.368512	13.523935
300.000000	-919.388367	225.438919	-8.969678	0.000000	8.969678
301.000000	-921.879944	225.438919	-17.939356	0.000000	17.939356
302.000000	-926.863098	225.438919	-17.939137	0.000000	17.939137
303.000000	-931.846191	225.438919	-8.969678	0.000000	8.969678
304.000000	-934.337769	225.438919	-8.969678	0.000000	8.969678
305.000000	-936.829346	225.438919	-4.484839	0.000000	4.484839
306.000000	-938.075134	225.438919	0.000000	0.000000	0.000000
307.000000	-938.075134	225.438919	0.000000	0.000000	0.000000
308.000000	-938.075134	225.438919	-4.484839	0.000000	4.484839
309.000000	-939.320923	225.438919	-4.484839	0.000000	4.484839
310.000000	-940.566711	225.438919	-4.484839	-1.368677	4.689036
311.000000	-941.812500	225.058731	-8.969678	0.000000	8.969678
312.000000	-944.304077	225.058731	-8.969678	0.000000	8.969678
313.000000	-946.795654	225.058731	-8.969458	0.000000	8.969458
314.000000	-949.287170	225.058731	-8.969678	0.000000	8.969678
315.000000	-951.778748	225.058731	-4.484839	0.000000	4.484839
316.000000	-953.024536	225.058731	-8.969678	0.000000	8.969678
317.000000	-955.516113	225.058731	-4.484839	0.000000	4.484839
318.000000	-956.761902	225.058731	-13.454516	0.000000	13.454516
319.000000	-960.499268	225.058731	-4.484839	0.000000	4.484839
320.000000	-961.745056	225.058731	-8.969458	0.000000	8.969458
321.000000	-964.236572	225.058731	-8.969678	-1.368622	9.073491
322.000000	-966.728149	224.678558	-13.454516	0.000000	13.454516
323.000000	-970.465515	224.678558	-8.969678	0.000000	8.969678
324.000000	-972.957092	224.678558	-8.969678	0.000000	8.969678
325.000000	-975.448669	224.678558	-8.969458	0.000000	8.969458
326.000000	-977.940186	224.678558	-8.969678	0.000000	8.969678
327.000000	-980.431763	224.678558	-8.969678	0.000000	8.969678
328.000000	-982.923340	224.678558	-13.454516	0.000000	13.454516
329.000000	-986.660706	224.678558	-13.454516	0.000000	13.454516
330.000000	-990.398071	224.678558	-8.969678	0.000000	8.969678
331.000000	-992.889648	224.678558	-8.969458	-1.368567	9.073266
332.000000	-995.381165	224.298401	-8.969678	0.000000	8.969678
333.000000	-997.872742	224.298401	-8.969678	0.000000	8.969678
334.000000	-1000.364319	224.298401	-8.969678	0.000000	8.969678
335.000000	-1002.855896	224.298401	-8.969678	0.000000	8.969678
336.000000	-1005.347473	224.298401	-17.939137	0.000000	17.939137
337.000000	-1010.330566	224.298401	-17.939356	0.000000	17.939356
338.000000	-1015.313721	224.298401	-17.939356	-1.368622	17.991488
339.000000	-1020.296875	223.918228	-17.939356	0.000000	17.939356
340.000000	-1025.280029	223.918228	-22.423975	0.000000	22.423975
341.000000	-1031.508911	223.918228	-17.939356	0.000000	17.939356
342.000000	-1036.492065	223.918228	-17.939356	-2.737134	18.146967
343.000000	-1041.475220	223.157913	-17.939356	0.000000	17.939356
344.000000	-1046.458374	223.157913	-17.938915	0.000000	17.938915
345.000000	-1051.441406	223.157913	-8.969678	0.000000	8.969678
346.000000	-1053.932983	223.157913	0.000000	0.000000	0.000000
347.000000	-1053.932983	223.157913	-8.969678	0.000000	8.969678
348.000000	-1056.424561	223.157913	0.000000	0.000000	0.000000
349.000000	-1056.424561	223.157913	0.000000	0.000000	0.000000
350.000000	-1056.424561	223.157913	0.000000	0.000000	0.000000
351.000000	-1056.424561	223.157913	0.000000	0.000000	0.000000
352.000000	-1056.424561	223.157913	0.000000	0.000000	0.000000
353.000000	-1056.424561	223.157913	0.000000	0.000000	0.000000
354.000000	-1056.424561	223.157913	0.000000	0.000000	0.000000
355.000000	-1056.424561	223.157913	0.000000	0.000000	0.000000
356.000000	-1056.424561	223.157913	0.000000	0.000000	0.000000
357.000000	-1056.424561	223.157913	0.000000	0.000000	0.000000
358.000000	-1056.424561	223.157913	0.000000	0.000000	0.000000
359.000000	-1056.424561	223.157913	0.000000	0.000000	0.000000
360.000000	-1056.424561	223.157913	0.000000	0.000000	0.000000
361.000000	-1056.424561	223.157913	0.000000	0.000000	0.000000
362.000000	-1056.424561	223.157913	0.000000	0.000000	0.000000
363.000000	-1056.424561	223.157913	0.000000	0.000000	0.000000
364.000000	-1056.424561	223.157913	0.000000	0.000000	0.000000
365.000000	-1056.424561	223.157913	0.000000	0.000000	0.000000
366.000000	-1056.424561	223.157913	0.000000	0.000000	0.000000
367.000000	-1056.424561	223.157913	0.000000	0.000000	0.000000
368.000000	-1056.424561	223.157913	0.000000	0.000000	0.000000
369.000000	-1056.424561	223.157913	0.000000	0.000000	0.000000
370.000000	-1056.424561	223.157913	0.000000	0.000000	0.000000
371.000000	-1056.424561	223.157913	0.000000	0.000000	0.000000
372.000000	-1056.424561	223.157913	0.000000	0.000000	0.000000
373.000000	-1056.424561	223.157913	0.000000	0.000000	0.000000
374.000000	-1056.424561	223.157913	0.000000	0.000000	0.000000
375.000000	-1056.424561	223.157913	0.000000	0.000000	0.000000
376.000000	-1056.424561	223.157913	0.000000	0.000000	0.000000
377.000000	-1056.424561	223.157913	0.000000	0.000000	0.000000
378.000000	-1056.424561	223.157913	-4.485059	0.000000	4.485059
379.000000	-1057.670410	223.157913	0.000000	0.000000	0.000000
380.000000	-1057.670410	223.157913	-8.969678	-1.368677	9.073500
381.000000	-1060.161987	222.777725	-8.969678	0.000000	8.969678
382.000000	-1062.653564	222.777725	-13.454297	0.000000	13.454297
383.000000	-1066.390869	222.777725	-8.969678	0.000000	8.969678
384.000000	-1068.882446	222.777725	-8.969678	0.000000	8.969678
385.000000	-1071.374023	222.777725	-13.454297	0.000000	13.454297
386.000000	-1075.111328	222.777725	-17.939356	0.000000	17.939356
387.000000	-1080.094482	222.777725	-17.939356	0.000000	17.939356
388.000000	-1085.077637	222.777725	-17.939356	-1.368622	17.991488
389.000000	-1090.060791	222.397552	-22.423975	0.000000	22.423975
390.000000	-1096.289673	222.397552	-22.423975	0.000000	22.423975
391.000000	-1102.518555	222.397552	-22.424414	-1.368567	22.466137
392.000000	-1108.747559	222.017395	-22.423975	0.000000	22.423975
393.000000	-1114.976440	222.017395	-22.423975	0.000000	22.423975
394.000000	-1121.205322	222.017395	-26.909033	0.000000	26.909033
395.000000	-1128.680054	222.017395	-13.454297	-1.368622	13.523728
396.000000	-1132.417358	221.637222	-22.424414	0.000000	22.424414
397.000000	-1138.646362	221.637222	-8.969238	0.000000	8.969238
398.000000	-1141.137817	221.637222	-8.969678	0.000000	8.969678
399.000000	-1143.629395	221.637222	-8.969678	0.000000	8.969678
400.000000	-1146.120972	221.637222	-8.969678	0.000000	8.969678
401.000000	-1148.612549	221.637222	0.000000	0.000000	0.000000
402.000000	-1148.612549	221.637222	0.000000	0.000000	0.000000
403.000000	-1148.612549	221.637222	0.000000	0.000000	0.000000
404.000000	-1148.612549	221.637222	0.000000	0.000000	0.000000
405.000000	-1148.612549	221.637222	0.000000	0.000000	0.000000
406.000000	-1148.612549	221.637222	0.000000	0.000000	0.000000
407.000000	-1148.612549	221.637222	0.000000	0.000000	0.000000
408.000000	-1148.612549	221.637222	0.000000	0.000000	0.000000
409.000000	-1148.612549	221.637222	0.000000	0.000000	0.000000
410.000000	-1148.612549	221.637222	0.000000	0.000000	0.000000
411.000000	-1148.612549	221.637222	0.000000	0.000000	0.000000
412.000000	-1148.612549	221.637222	-8.969678	0.000000	8.969678
413.000000	-1151.104126	221.637222	-4.485059	0.000000	4.485059
414.000000	-1152.349976	221.637222	-4.484619	0.000000	4.484619
415.000000	-1153.595703	221.637222	-8.969678	-1.368567	9.073483
416.000000	-1156.087280	221.257065	-8.969678	0.000000	8.969678
417.000000	-1158.578857	221.257065	-17.939356	0.000000	17.939356
418.000000	-1163.562012	221.257065	-8.969678	0.000000	8.969678
419.000000	-1166.053589	221.257065	-17.939356	0.000000	17.939356
420.000000	-1171.036743	221.257065	-13.454297	0.000000	13.454297
421.000000	-1174.774048	221.257065	-13.454297	0.000000	13.454297
422.000000	-1178.511353	221.257065	-22.424414	0.000000	22.424414
423.000000	-1184.740356	221.257065	-17.938915	0.000000	17.938915
424.000000	-1189.723389	221.257065	-17.939356	0.000000	17.939356
425.000000	-1194.706543	221.257065	-17.939356	0.000000	17.939356
426.000000	-1199.689697	221.257065	-17.939356	-1.368622	17.991488
427.000000	-1204.672852	220.876892	-22.423975	0.000000	22.423975
428.000000	-1210.901733	220.876892	-17.939356	-1.368622	17.991488
429.000000	-1215.884888	220.496719	-22.423975	-2.737189	22.590414
430.000000	-1222.113770	219.736389	-22.424414	0.000000	22.424414
431.000000	-1228.342773	219.736389	-26.908594	-1.368567	26.943375
432.000000	-1235.817383	219.356232	-17.939356	-1.368622	17.991488
433.000000	-1240.800537	218.976059	-26.909033	0.000000	26.909033
434.000000	-1248.275269	218.976059	-26.909033	-1.368512	26.943810
435.000000	-1255.750000	218.595917	-26.909033	0.000000	26.909033
436.000000	-1263.224731	218.595917	-31.393652	0.000000	31.393652
437.000000	-1271.945190	218.595917	-22.423975	0.000000	22.423975
438.000000	-1278.174072	218.595917	-31.393652	0.000000	31.393652
439.000000	-1286.894531	218.595917	-35.878712	0.000000	35.878712
440.000000	-1296.860840	218.595917	-31.393652	0.000000	31.393652
441.000000	-1305.581299	218.595917	-31.393652	1.368512	31.423466
442.000000	-1314.301758	218.976059	-44.848392	0.000000	44.848392
443.000000	-1326.759644	218.976059	-35.878712	-1.368512	35.904800
444.000000	-1336.725952	218.595917	-35.878273	0.000000	35.878273
445.000000	-1346.692139	218.595917	-44.848392	0.000000	44.848392
446.000000	-1359.150024	218.595917	-40.363327	-1.368677	40.386524
447.000000	-1370.362061	218.215729	-44.848392	0.000000	44.848392
448.000000	-1382.819946	218.215729	-44.847950	-1.368622	44.868828
449.000000	-1395.277710	217.835556	-44.848392	-1.368677	44.869270
450.000000	-1407.735596	217.455368	-49.333008	0.000000	49.333008
451.000000	-1421.439209	217.455368	-44.848392	-2.737134	44.931839
452.000000	-1433.897095	216.695053	-44.847950	0.000000	44.847950
453.000000	-1446.354858	216.695053	-49.333008	0.000000	49.333008
454.000000	-1460.058472	216.695053	-44.848392	-2.737189	44.931843
455.000000	-1472.516357	215.934723	-49.333008	0.000000	49.333008
456.000000	-1486.219971	215.934723	-49.333008	0.000000	49.333008
457.000000	-1499.923584	215.934723	-49.333008	-2.737189	49.408882
458.000000	-1513.627197	215.174393	-53.818066	-1.368622	53.835464
459.000000	-1528.576660	214.794220	-53.817623	-1.368567	53.835022
460.000000	-1543.526001	214.414062	-49.333008	-1.368622	49.351986
461.000000	-1557.229614	214.033890	-58.302689	-1.368622	58.318752
462.000000	-1573.424805	213.653717	-58.302689	-2.737079	58.366901
463.000000	-1589.619995	212.893417	-53.818066	0.000000	53.818066
464.000000	-1604.569458	212.893417	-53.817623	0.000000	53.817623
465.000000	-1619.518799	212.893417	-49.333008	-2.737298	49.408890
466.000000	-1633.222412	212.133057	-58.302689	0.000000	58.302689
467.000000	-1649.417603	212.133057	-53.818066	0.000000	53.818066
468.000000	-1664.367065	212.133057	-53.817623	-2.737189	53.887188
469.000000	-1679.316406	211.372726	-49.333008	0.000000	49.333008
470.000000	-1693.020020	211.372726	-49.333008	-1.368622	49.351986
471.000000	-1706.723633	210.992554	-58.302689	0.000000	58.302689
472.000000	-1722.918823	210.992554	-49.333008	0.000000	49.333008
473.000000	-1736.622437	210.992554	-49.333008	0.000000	49.333008
474.000000	-1750.326050	210.992554	-53.818066	0.000000	53.818066
475.000000	-1765.275513	210.992554	-44.848392	-1.368567	44.869267
476.000000	-1777.733398	210.612396	-44.847950	-1.368622	44.868828
477.000000	-1790.191162	210.232224	-49.333008	0.000000	49.333008
478.000000	-1803.894775	210.232224	-35.878712	-1.368622	35.904808
479.000000	-1813.861084	209.852051	-35.878712	0.000000	35.878712
480.000000	-1823.827393	209.852051	-26.908594	0.000000	26.908594
481.000000	-1831.302002	209.852051	-17.939356	-2.737189	18.146975
482.000000	-1836.285156	209.091721	-22.424414	0.000000	22.424414
483.000000	-1842.514160	209.091721	-22.423975	0.000000	22.423975
484.000000	-1848.743042	209.091721	-8.969678	0.000000	8.969678
485.000000	-1851.234619	209.091721	-8.969678	0.000000	8.969678
486.000000	-1853.726196	209.091721	-4.484619	0.000000	4.484619
487.000000	-1854.971924	209.091721	0.000000	0.000000	0.000000
488.000000	-1854.971924	209.091721	0.000000	0.000000	0.000000
489.000000	-1854.971924	209.091721	0.000000	0.000000	0.000000
490.000000	-1854.971924	209.091721	0.000000	0.000000	0.000000
491.000000	-1854.971924	209.091721	0.000000	0.000000	0.000000
492.000000	-1854.971924	209.091721	0.000000	0.000000	0.000000
493.000000	-1854.971924	209.091721	0.000000	0.000000	0.000000
494.000000	-1854.971924	209.091721	0.000000	0.000000	0.000000
495.000000	-1854.971924	209.091721	0.000000	0.000000	0.000000
496.000000	-1854.971924	209.091721	0.000000	0.000000	0.000000
497.000000	-1854.971924	209.091721	0.000000	0.000000	0.000000
498.000000	-1854.971924	209.091721	0.000000	0.000000	0.000000
499.000000	-1854.971924	209.091721	0.000000	0.000000	0.000000
500.000000	-1854.971924	209.091721	0.000000	0.000000	0.000000
501.000000	-1854.971924	209.091721	0.000000	0.000000	0.000000
502.000000	-1854.971924	209.091721	0.000000	0.000000	0.000000
503.000000	-1854.971924	209.091721	0.000000	0.000000	0.000000
504.000000	-1854.971924	209.091721	0.000000	0.000000	0.000000
505.000000	-1854.971924	209.091721	0.000000	0.000000	0.000000
506.000000	-1854.971924	209.091721	0.000000	0.000000	0.000000
507.000000	-1854.971924	209.091721	0.000000	0.000000	0.000000
508.000000	-1854.971924	209.091721	0.000000	0.000000	0.000000
509.000000	-1854.971924	209.091721	0.000000	0.000000	0.000000
510.000000	-1854.971924	209.091721	0.000000	0.000000	0.000000
511.000000	-1854.971924	209.091721	0.000000	0.000000	0.000000
512.000000	-1854.971924	209.091721	0.000000	0.000000	0.000000
513.000000	-1854.971924	209.091721	0.000000	0.000000	0.000000
514.000000	-1854.971924	209.091721	0.000000	0.000000	0.000000
515.000000	-1854.971924	209.091721	0.000000	0.000000	0.000000
516.000000	-1854.971924	209.091721	0.000000	0.000000	0.000000
517.000000	-1854.971924	209.091721	0.000000	0.000000	0.000000
518.000000	-1854.971924	209.091721	0.000000	0.000000	0.000000
519.000000	-1854.971924	209.091721	0.000000	0.000000	0.000000
520.000000	-1854.971924	209.091721	0.000000	0.000000	0.000000
521.000000	-1854.971924	209.091721	0.000000	0.000000	0.000000
522.000000	-1854.971924	209.091721	0.000000	0.000000	0.000000
523.000000	-1854.971924	209.091721	0.000000	0.000000	0.000000
524.000000	-1854.971924	209.091721	0.000000	0.000000	0.000000
525.000000	-1854.971924	209.091721	-4.485059	0.000000	4.485059
526.000000	-1856.217773	209.091721	-8.969678	0.000000	8.969678
527.000000	-1858.709351	209.091721	-17.938915	0.000000	17.938915
528.000000	-1863.692383	209.091721	-13.454737	-2.737189	13.730336
529.000000	-1867.429810	208.331390	-17.939356	0.000000	17.939356
530.000000	-1872.412964	208.331390	-26.908594	0.000000	26.908594
531.000000	-1879.887573	208.331390	-31.394093	-1.368622	31.423910
532.000000	-1888.608154	207.951218	-31.393652	0.000000	31.393652
533.000000	-1897.328613	207.951218	-31.393652	-1.368567	31.423470
534.000000	-1906.049072	207.571060	-40.363327	0.000000	40.363327
535.000000	-1917.261108	207.571060	-35.878712	0.000000	35.878712
536.000000	-1927.227417	207.571060	-40.363327	-1.368622	40.386524
537.000000	-1938.439453	207.190887	-44.848392	-1.368567	44.869267
538.000000	-1950.897339	206.810730	-40.363327	-1.368622	40.386524
539.000000	-1962.109375	206.430557	-40.363327	-2.737189	40.456028
540.000000	-1973.321411	205.670227	-44.847950	-8.211621	45.593521
541.000000	-1985.779175	203.389221	-40.363770	-9.580188	41.485104
542.000000	-1996.991333	200.728058	-40.363327	-12.317323	42.200882
543.000000	-2008.203369	197.306580	-40.363327	-16.423296	43.576630
544.000000	-2019.415405	192.744553	-40.363327	-21.897619	45.920624
545.000000	-2030.627441	186.661880	-35.878712	-23.266188	42.762104
546.000000	-2040.593750	180.199051	-26.908594	-23.266243	35.572327
547.000000	-2048.068359	173.736206	-35.878712	-27.371996	45.127686
548.000000	-2058.034668	166.132874	-26.908594	-27.371996	38.383572
549.000000	-2065.509277	158.529541	-26.909473	-28.740620	39.371853
550.000000	-2072.984131	150.546036	-26.908594	-24.634809	36.482136
551.000000	-2080.458740	143.703033	-26.909473	-27.371996	38.384190
552.000000	-2087.933594	136.099701	-22.423534	-26.003374	34.336430
553.000000	-2094.162354	128.876541	-26.909473	-24.634836	36.482803
554.000000	-2101.637207	122.033531	-26.908594	-26.003403	37.419907
555.000000	-2109.111816	114.810364	-26.908594	-27.371996	38.383572
556.000000	-2116.586426	107.207031	-26.909473	-27.372025	38.384209
557.000000	-2124.061279	99.603691	-22.423534	-26.003403	34.336449
558.000000	-2130.290039	92.380524	-31.394531	-27.371996	41.651443
559.000000	-2139.010742	84.777191	-22.423534	-23.266214	32.313026
560.000000	-2145.239502	78.314354	-22.424414	-23.266214	32.313637
561.000000	-2151.468506	71.851517	-13.454297	-19.160404	23.412373
562.000000	-2155.205811	66.529182	-17.939356	-13.685998	22.563843
563.000000	-2160.188965	62.727516	-8.969238	-10.948796	14.153563
564.000000	-2162.680420	59.686184	-17.939356	-13.686012	22.563852
565.000000	-2167.663574	55.884514	-8.970118	-10.948796	14.154121
566.000000	-2170.155273	52.843182	-8.969238	-15.054606	17.523939
567.000000	-2172.646729	48.661346	-13.454297	-13.685998	19.191786
568.000000	-2176.384033	44.859680	-13.455175	-15.054606	20.191160
569.000000	-2180.121582	40.677845	-22.423534	-16.423201	27.794538
570.000000	-2186.350342	36.115845	-13.454297	-19.160410	23.412376
571.000000	-2190.087646	30.793509	-22.424414	-19.160404	29.495346
572.000000	-2196.316650	25.471174	-17.939356	-21.897606	28.307697
573.000000	-2201.299805	19.388506	-26.908594	-21.897610	34.692619
574.000000	-2208.774414	13.305837	-17.939356	-23.266205	29.379190
575.000000	-2213.757568	6.843002	-26.909473	-24.634808	36.482780
576.000000	-2221.232422	0.000000	-26.908594	24.634808	36.482136
577.000000	-2228.707031	6.843002	-17.939356	23.266205	29.379190
578.000000	-2233.690186	13.305837	-26.908594	26.003407	37.419907
579.000000	-2241.164795	20.529005	-22.424414	24.634809	33.312584
580.000000	-2247.393799	27.372007	-31.393652	27.372004	41.650787
581.000000	-2256.114258	34.975342	-22.424414	27.372011	35.384762
582.000000	-2262.343262	42.578678	-31.393652	28.740606	42.562706
583.000000	-2271.063721	50.562180	-22.424414	28.740606	36.453762
584.000000	-2277.292725	58.545681	-35.877831	30.109226	46.837849
585.000000	-2287.258789	66.909355	-26.909473	30.109186	40.381714
586.000000	-2294.733643	75.273018	-26.908594	30.109213	40.381149
587.000000	-2302.208252	83.636688	-26.909473	30.109213	40.381733
588.000000	-2309.683105	92.000359	-31.393652	30.109213	43.498577
589.000000	-2318.403564	100.364029	-26.908594	28.740591	39.371235
590.000000	-2325.878174	108.347527	-22.424414	28.740620	36.453773
591.000000	-2332.107178	116.331032	-22.423534	27.371996	35.384193
592.000000	-2338.335938	123.934364	-26.909473	30.109213	40.381733
593.000000	-2345.810791	132.298035	-26.908594	28.740620	39.371254
594.000000	-2353.285400	140.281540	-26.908594	28.740620	39.371254
595.000000	-2360.760010	148.265045	-22.424414	28.740564	36.453728
596.000000	-2366.989014	156.248535	-26.908594	28.740620	39.371254
597.000000	-2374.463623	164.232040	-22.424414	30.109240	37.542252
598.000000	-2380.692627	172.595718	-31.393652	28.740564	42.562675
599.000000	-2389.413086	180.579208	-26.909473	30.109240	40.381752
600.000000	-2396.887939	188.942886	-22.423534	31.477808	38.647991
601.000000	-2403.116699	197.686722	-22.424414	27.371996	35.384750
602.000000	-2409.345703	205.290054	-26.908594	30.109186	40.381126
603.000000	-2416.820312	213.653717	-26.909473	28.740620	39.371853
604.000000	-2424.295166	221.637222	-31.393652	28.740620	42.562714
605.000000	-2433.015625	229.620728	-22.423534	30.109295	37.541771
606.000000	-2439.244385	237.984421	-26.909473	28.740564	39.371815
607.000000	-2446.719238	245.967911	-22.423534	28.740564	36.453190
608.000000	-2452.947998	253.951401	-31.394531	28.740620	42.563362
609.000000	-2461.668701	261.934906	-22.423534	31.477808	38.647991
610.000000	-2467.897461	270.678741	-26.909473	27.371996	38.384190
611.000000	-2475.372314	278.282074	-26.908594	28.740564	39.371216
612.000000	-2482.846924	286.265564	-22.424414	28.740673	36.453815
613.000000	-2489.075928	294.249084	-26.908594	27.371996	38.383572
614.000000	-2496.550537	301.852417	-26.908594	27.371996	38.383572
615.000000	-2504.025146	309.455750	-22.424414	28.740564	36.453728
616.000000	-2510.254150	317.439240	-31.393652	24.634863	39.905361
617.000000	-2518.974609	324.282257	-26.909473	23.266188	35.572956
618.000000	-2526.449463	330.745087	-31.393652	21.897619	38.276196
619.000000	-2535.169922	336.827759	-31.393652	19.160376	36.778816
620.000000	-2543.890381	342.150085	-35.878712	20.529053	41.336716
621.000000	-2553.856689	347.852600	-31.393652	21.897619	38.276196
622.000000	-2562.577148	353.935272	-31.393652	19.160376	36.778816
623.000000	-2571.297607	359.257599	-35.878712	21.897619	42.033173
624.000000	-2581.263916	365.340271	-35.878712	19.160376	40.674339
625.000000	-2591.230225	370.662598	-35.877831	21.897619	42.032421
626.000000	-2601.196289	376.745270	-35.878712	20.529053	41.336716
627.000000	-2611.162598	382.447784	-35.878712	23.266188	42.762104
628.000000	-2621.128906	388.910614	-35.878712	23.266188	42.762104
629.000000	-2631.095215	395.373444	-35.878712	21.897619	42.033173
630.000000	-2641.061523	401.456116	-35.878712	21.897619	42.033173
631.000000	-2651.027832	407.538788	-35.877831	19.160376	40.673565
632.000000	-2660.993896	412.861115	-31.394531	19.160486	36.779625
633.000000	-2669.714600	418.183472	-26.908594	20.528944	33.845383
634.000000	-2677.189209	423.885956	-35.878712	19.160376	40.674339
635.000000	-2687.155518	429.208282	-26.908594	20.529053	33.845448
636.000000	-2694.630127	434.910797	-35.878712	21.897511	42.033119
637.000000	-2704.596436	440.993439	-35.878712	19.160486	40.674393
638.000000	-2714.562744	446.315796	-31.393652	20.529053	37.510044
639.000000	-2723.283203	452.018311	-26.908594	19.160376	33.033203
640.000000	-2730.757812	457.340637	-35.878712	19.160376	40.674339
641.000000	-2740.724121	462.662964	-31.393652	19.160376	36.778816
642.000000	-2749.444580	467.985291	-31.393652	20.529053	37.510044
643.000000	-2758.165039	473.687805	-85.211716	54.743992	101.281494
644.000000	-2781.834961	488.894470	-26.909473	17.791809	32.259388
645.000000	-2789.309814	493.836639	-35.877831	16.423132	39.458054
646.000000	-2799.275879	498.398621	-31.394531	12.317431	33.724407
647.000000	-2807.996582	501.820129	-31.393652	13.686109	34.247204
648.000000	-2816.717041	505.621826	-17.939356	13.685888	22.563776
649.000000	-2821.700195	509.423462	-22.423534	9.580297	24.384359
650.000000	-2827.928955	512.084656	-13.454297	9.580078	16.516539
651.000000	-2831.666260	514.745789	-4.485059	5.474487	7.077129
652.000000	-2832.912109	516.266479	-8.970118	2.737134	9.378428
653.000000	-2835.403809	517.026794	0.000000	0.000000	0.000000
654.000000	-2835.403809	517.026794	0.000000	2.737134	2.737134
655.000000	-2835.403809	517.787109	0.000000	0.000000	0.000000
656.000000	-2835.403809	517.787109	0.000000	0.000000	0.000000
657.000000	-2835.403809	517.787109	0.000000	0.000000	0.000000
658.000000	-2835.403809	517.787109	-8.969238	1.368677	9.073065
659.000000	-2837.895264	518.167297	0.000000	1.368677	1.368677
660.000000	-2837.895264	518.547485	0.000000	0.000000	0.000000
661.000000	-2837.895264	518.547485	0.000000	0.000000	0.000000
662.000000	-2837.895264	518.547485	0.000000	0.000000	0.000000
663.000000	-2837.895264	518.547485	0.000000	0.000000	0.000000
664.000000	-2837.895264	518.547485	0.000000	0.000000	0.000000
665.000000	-2837.895264	518.547485	0.000000	0.000000	0.000000
666.000000	-2837.895264	518.547485	0.000000	0.000000	0.000000
667.000000	-2837.895264	518.547485	0.000000	0.000000	0.000000
668.000000	-2837.895264	518.547485	0.000000	0.000000	0.000000
669.000000	-2837.895264	518.547485	0.000000	0.000000	0.000000
670.000000	-2837.895264	518.547485	0.000000	0.000000	0.000000
671.000000	-2837.895264	518.547485	0.000000	0.000000	0.000000
672.000000	-2837.895264	518.547485	0.000000	0.000000	0.000000
673.000000	-2837.895264	518.547485	0.000000	0.000000	0.000000
674.000000	-2837.895264	518.547485	0.000000	0.000000	0.000000
675.000000	-2837.895264	518.547485	0.000000	0.000000	0.000000
676.000000	-2837.895264	518.547485	0.000000	1.368457	1.368457
677.000000	-2837.895264	518.927612	-4.485059	1.368677	4.689246
678.000000	-2839.141113	519.307800	-8.969238	5.474487	10.507961
679.000000	-2841.632568	520.828491	-8.970118	6.842944	11.282238
680.000000	-2844.124268	522.729309	-13.454297	9.580297	16.516665
681.000000	-2847.861572	525.390503	-22.424414	9.580078	24.385082
682.000000	-2854.090576	528.051636	-22.423534	13.686109	26.270220
683.000000	-2860.319336	531.853333	-147.999039	78.010178	167.300034
684.000000	-2901.430176	553.522827	-17.939356	12.317431	21.760965
685.000000	-2906.413330	556.944336	-22.424414	10.948755	24.954552
686.000000	-2912.642334	559.985657	-22.424414	10.948755	24.954552
687.000000	-2918.871338	563.026978	-17.938477	10.948755	21.015808
688.000000	-2923.854248	566.068298	-22.424414	12.317431	25.584633
689.000000	-2930.083252	569.489807	-22.424414	12.317431	25.584633
690.000000	-2936.312256	572.911316	-22.423534	12.317431	25.583862
691.000000	-2942.541016	576.332825	-26.909473	15.054565	30.834391
692.000000	-2950.015869	580.514648	-26.908594	13.686109	30.189104
693.000000	-2957.490479	584.316345	-26.909473	16.423023	31.525156
694.000000	-2964.965332	588.878296	-31.393652	16.423243	35.429993
695.000000	-2973.685791	593.440308	-35.877831	17.791918	40.047112
696.000000	-2983.651855	598.382507	-255.635162	138.228653	290.614014
697.000000	-3054.661621	636.779358	-40.363770	23.266188	46.589153
698.000000	-3065.873779	643.242188	-40.362892	21.897511	45.920193
699.000000	-3077.085693	649.324829	-44.848827	23.266188	50.524578
700.000000	-3089.543701	655.787659	-40.362892	21.897730	45.920296
701.000000	-3100.755615	661.870361	-44.847950	24.634645	51.168392
702.000000	-3113.213379	668.713318	-44.848827	20.529053	49.324024
703.000000	-3125.671387	674.415833	-44.847950	19.160376	48.769444
704.000000	-3138.129150	679.738159	-49.333008	16.423243	51.994888
705.000000	-3151.832764	684.300171	-49.333008	16.423243	51.994888
706.000000	-3165.536377	688.862183	-58.303123	13.686109	59.887928
707.000000	-3181.731689	692.663879	-44.847950	10.948755	46.165073
708.000000	-3194.189453	695.705200	-53.818066	9.580078	54.664085
709.000000	-3209.138916	698.366333	-53.817188	10.948975	54.919666
710.000000	-3224.088135	701.407715	-49.333008	8.211401	50.011726
711.000000	-3237.791748	703.688660	-53.818066	10.948975	54.920528
712.000000	-3252.741211	706.730042	-53.818066	8.211621	54.440929
713.000000	-3267.690674	709.011047	-53.818066	10.948755	54.920483
714.000000	-3282.640137	712.052368	-49.333008	15.054565	51.578926
715.000000	-3296.343750	716.234192	-53.817188	13.686109	55.530167
716.000000	-3311.292969	720.035889	-44.848827	16.423023	47.761208
717.000000	-3323.750977	724.597839	-49.333008	19.160595	52.923283
718.000000	-3337.454590	729.920227	-44.847950	21.897511	49.908314
719.000000	-3349.912354	736.002869	-35.878712	24.634863	43.521931
720.000000	-3359.878662	742.845886	-44.847950	24.634645	51.168392
721.000000	-3372.336426	749.688843	-49.333008	24.634863	55.141834
722.000000	-3386.040039	756.531860	-40.363770	27.371996	48.769459
723.000000	-3397.252197	764.135193	-40.362892	23.266188	46.588394
724.000000	-3408.464111	770.598022	-35.878712	24.634863	43.521931
725.000000	-3418.430420	777.441040	-31.393652	23.266188	39.075272
726.000000	-3427.150879	783.903870	-31.393652	19.160376	36.778816
727.000000	-3435.871338	789.226196	-31.394531	19.160376	36.779568
728.000000	-3444.592041	794.548523	-22.423534	15.054785	27.008543
729.000000	-3450.820801	798.730408	-22.424414	13.685888	26.270857
730.000000	-3457.049805	802.532043	-17.939356	10.948755	21.016560
731.000000	-3462.032959	805.573364	-17.939356	10.948975	21.016672
732.000000	-3467.016113	808.614746	-13.454297	8.211401	15.762145
733.000000	-3470.753418	810.895691	-8.969238	6.843164	11.281672
734.000000	-3473.244873	812.796570	-4.485059	4.105811	6.080578
735.000000	-3474.490723	813.937073	-8.970118	4.105811	9.865125
736.000000	-3476.982422	815.077576	0.000000	2.737134	2.737134
737.000000	-3476.982422	815.837891	-8.969238	1.368677	9.073065
738.000000	-3479.473877	816.218079	0.000000	0.000000	0.000000
739.000000	-3479.473877	816.218079	0.000000	1.368457	1.368457
740.000000	-3479.473877	816.598206	0.000000	-1.368457	1.368457
741.000000	-3479.473877	816.218079	0.000000	0.000000	0.000000
742.000000	-3479.473877	816.218079	0.000000	0.000000	0.000000
743.000000	-3479.473877	816.218079	0.000000	0.000000	0.000000
744.000000	-3479.473877	816.218079	0.000000	0.000000	0.000000
745.000000	-3479.473877	816.218079	0.000000	0.000000	0.000000
746.000000	-3479.473877	816.218079	0.000000	0.000000	0.000000
747.000000	-3479.473877	816.218079	0.000000	0.000000	0.000000
748.000000	-3479.473877	816.218079	0.000000	0.000000	0.000000
749.000000	-3479.473877	816.218079	0.000000	0.000000	0.000000
750.000000	-3479.473877	816.218079	0.000000	0.000000	0.000000
751.000000	-3479.473877	816.218079	0.000000	0.000000	0.000000
752.000000	-3479.473877	816.218079	0.000000	0.000000	0.000000
753.000000	-3479.473877	816.218079	0.000000	0.000000	0.000000
754.000000	-3479.473877	816.218079	0.000000	0.000000	0.000000
755.000000	-3479.473877	816.218079	0.000000	0.000000	0.000000
756.000000	-3479.473877	816.218079	0.000000	0.000000	0.000000
757.000000	-3479.473877	816.218079	0.000000	0.000000	0.000000
758.000000	-3479.473877	816.218079	0.000000	0.000000	0.000000
759.000000	-3479.473877	816.218079	0.000000	0.000000	0.000000
760.000000	-3479.473877	816.218079	0.000000	0.000000	0.000000
761.000000	-3479.473877	816.218079	0.000000	0.000000	0.000000
762.000000	-3479.473877	816.218079	0.000000	2.737134	2.737134
763.000000	-3479.473877	816.978394	-8.969238	4.105811	9.864326
764.000000	-3481.965332	818.118896	-8.970118	6.842944	11.282238
765.000000	-3484.457031	820.019714	-13.454297	9.580297	16.516665
766.000000	-3488.194336	822.680908	-13.454297	10.948755	17.346279
767.000000	-3491.931641	825.722229	-17.939356	13.685888	22.563776
768.000000	-3496.914795	829.523865	-26.909473	16.423243	31.525270
769.000000	-3504.389648	834.085876	-17.939356	20.529053	27.262842
770.000000	-3509.372803	839.788391	-26.908594	21.897511	34.692558
771.000000	-3516.847412	845.871033	-17.939356	26.003538	31.591209
772.000000	-3521.830566	853.094238	-22.423534	30.109131	37.541637
773.000000	-3528.059326	861.457886	-17.939356	36.952297	41.076668
774.000000	-3533.042480	871.722412	-17.939356	39.689430	43.555382
775.000000	-3538.025635	882.747253	-8.970118	41.057888	42.026340
776.000000	-3540.517334	894.152222	0.000000	46.532593	46.532593
777.000000	-3540.517334	907.077942	0.000000	46.532375	46.532375
778.000000	-3540.517334	920.003601	0.000000	46.532375	46.532375
779.000000	-3540.517334	932.929260	-8.969238	45.163696	46.045704
780.000000	-3543.008789	945.474731	-4.485059	43.795238	44.024296
781.000000	-3544.254639	957.640076	-4.485059	39.689430	39.942039
782.000000	-3545.500488	968.664917	-17.939356	39.689430	43.555382
783.000000	-3550.483643	979.689758	-13.454297	39.689430	41.907864
784.000000	-3554.220947	990.714600	-17.939356	38.320751	42.311943
785.000000	-3559.204102	1001.359253	-22.423534	38.320972	44.399456
786.000000	-3565.432861	1012.003967	-22.424414	41.057888	46.782524
787.000000	-3571.661865	1023.408936	-31.393652	41.058105	51.684906
788.000000	-3580.382324	1034.813965	-31.393652	42.426563	52.778545
789.000000	-3589.102783	1046.599121	-26.909473	43.795021	51.401592
790.000000	-3596.577637	1058.764404	-22.423534	42.426998	47.988174
791.000000	-3602.806396	1070.549683	-22.424414	42.426563	47.988205
792.000000	-3609.035400	1082.334839	-26.908594	42.426563	50.240280
793.000000	-3616.510010	1094.119995	-26.909473	41.058105	49.090607
794.000000	-3623.984863	1105.525024	-17.939356	43.795021	47.326782
795.000000	-3628.968018	1117.690308	-22.423534	43.795021	49.201817
796.000000	-3635.196777	1129.855591	-26.909473	46.532375	53.752972
797.000000	-3642.671631	1142.781250	-17.939356	45.163914	48.596291
798.000000	-3647.654785	1155.326782	-17.938477	47.901268	51.149979
799.000000	-3652.637695	1168.632690	-17.939356	49.269291	52.433613
800.000000	-3657.620850	1182.318604	-22.424414	50.638184	55.381222
801.000000	-3663.849854	1196.384766	-22.424414	50.638626	55.381630
802.000000	-3670.078857	1210.451050	-17.939356	50.638184	53.721935
803.000000	-3675.062012	1224.517212	-22.423534	50.638184	55.380867
804.000000	-3681.290771	1238.583374	-17.939356	49.269291	52.433613
805.000000	-3686.273926	1252.269287	-26.909473	46.532375	53.752972
806.000000	-3693.748779	1265.194946	-35.877831	42.426998	55.563198
807.000000	-3703.714844	1276.980225	-31.394531	39.689213	50.604843
808.000000	-3712.435547	1288.005005	-35.877831	35.583836	50.531456
809.000000	-3722.401611	1297.889404	-35.878712	35.583397	50.531773
810.000000	-3732.367920	1307.773682	-40.363770	34.214943	52.914047
811.000000	-3743.580078	1317.277832	-31.393652	38.320751	49.538284
812.000000	-3752.300537	1327.922485	-26.908594	39.689648	47.951439
813.000000	-3759.775146	1338.947388	-26.909473	41.058105	49.090607
814.000000	-3767.250000	1350.352417	-17.939356	45.163475	48.595886
815.000000	-3772.233154	1362.897827	-8.969238	45.163914	46.045914
816.000000	-3774.724609	1375.443359	-13.454297	45.163914	47.125336
817.000000	-3778.461914	1387.988892	0.000000	47.900829	47.900829
818.000000	-3778.461914	1401.294678	4.485059	46.532375	46.748024
819.000000	-3777.216064	1414.220337	13.454297	43.795460	45.815502
820.000000	-3773.478760	1426.385742	13.454297	43.795021	45.815086
821.000000	-3769.741455	1438.551025	17.939356	45.163914	48.596291
822.000000	-3764.758301	1451.096558	8.969238	42.426563	43.364277
823.000000	-3762.266846	1462.881714	17.939356	43.795460	47.327190
824.000000	-3757.283691	1475.047119	8.970118	46.532375	47.389084
825.000000	-3754.791992	1487.972778	8.969238	47.900829	48.733322
826.000000	-3752.300537	1501.278564	8.970118	47.900829	48.733486
827.000000	-3749.808838	1514.584351	0.000000	49.269726	49.269726
828.000000	-3749.808838	1528.270386	0.000000	50.638184	50.638184
829.000000	-3749.808838	1542.336548	0.000000	50.638184	50.638184
830.000000	-3749.808838	1556.402710	-8.970118	47.901268	48.733917
831.000000	-3752.300537	1569.708618	-17.939356	50.638184	53.721935
832.000000	-3757.283691	1583.774780	-17.939356	47.900829	51.149879
833.000000	-3762.266846	1597.080566	-22.423534	46.532375	51.653431
834.000000	-3768.495605	1610.006226	-17.939356	46.532375	49.870659
835.000000	-3773.478760	1622.931885	-26.909473	47.901268	54.942253
836.000000	-3780.953613	1636.237793	-22.423534	46.532375	51.653431
837.000000	-3787.182373	1649.163452	-26.909473	47.900829	54.941872
838.000000	-3794.657227	1662.469238	-26.908594	49.269726	56.138920
839.000000	-3802.131836	1676.155273	-17.939356	50.638184	53.721935
840.000000	-3807.114990	1690.221436	-13.454297	47.901268	49.754894
841.000000	-3810.852295	1703.527344	-17.939356	50.638184	53.721935
842.000000	-3815.835449	1717.593506	-8.970118	50.638184	51.426537
843.000000	-3818.327148	1731.659668	-8.969238	50.638184	51.426384
844.000000	-3820.818604	1745.725830	-8.969238	46.532375	47.388916
845.000000	-3823.310059	1758.651489	0.000000	47.900829	47.900829
846.000000	-3823.310059	1771.957275	0.000000	42.426563	42.426563
847.000000	-3823.310059	1783.742432	-8.970118	35.583836	36.697033
848.000000	-3825.801758	1793.626831	0.000000	34.214943	34.214943
849.000000	-3825.801758	1803.130981	-8.969238	28.740673	30.107698
850.000000	-3828.293213	1811.114502	-4.485059	26.003321	26.387278
851.000000	-3829.539062	1818.337646	-4.485059	21.897511	22.352108
852.000000	-3830.784912	1824.420288	-4.485059	17.792139	18.348732
853.000000	-3832.030762	1829.362549	-4.484179	16.422802	17.023993
854.000000	-3833.276367	1833.924438	0.000000	15.054785	15.054785
855.000000	-3833.276367	1838.106323	-8.970118	13.685888	16.363573
856.000000	-3835.768066	1841.907959	0.000000	10.948975	10.948975
857.000000	-3835.768066	1844.949341	-8.969238	8.211621	12.160508
858.000000	-3838.259521	1847.230347	0.000000	8.211621	8.211621
859.000000	-3838.259521	1849.511353	-4.485059	4.105811	6.080578
860.000000	-3839.505371	1850.651855	0.000000	2.736914	2.736914
861.000000	-3839.505371	1851.412109	0.000000	2.737354	2.737354
862.000000	-3839.505371	1852.172485	0.000000	2.737354	2.737354
863.000000	-3839.505371	1852.932861	0.000000	0.000000	0.000000
864.000000	-3839.505371	1852.932861	0.000000	0.000000	0.000000
865.000000	-3839.505371	1852.932861	0.000000	0.000000	0.000000
866.000000	-3839.505371	1852.932861	0.000000	0.000000	0.000000
867.000000	-3839.505371	1852.932861	0.000000	0.000000	0.000000
868.000000	-3839.505371	1852.932861	0.000000	0.000000	0.000000
869.000000	-3839.505371	1852.932861	-4.485059	0.000000	4.485059
870.000000	-3840.751221	1852.932861	0.000000	0.000000	0.000000
871.000000	-3840.751221	1852.932861	0.000000	0.000000	0.000000
872.000000	-3840.751221	1852.932861	0.000000	0.000000	0.000000
873.000000	-3840.751221	1852.932861	0.000000	0.000000	0.000000
874.000000	-3840.751221	1852.932861	0.000000	0.000000	0.000000
875.000000	-3840.751221	1852.932861	0.000000	0.000000	0.000000
876.000000	-3840.751221	1852.932861	0.000000	0.000000	0.000000
877.000000	-3840.751221	1852.932861	0.000000	0.000000	0.000000
878.000000	-3840.751221	1852.932861	0.000000	0.000000	0.000000
879.000000	-3840.751221	1852.932861	0.000000	0.000000	0.000000
880.000000	-3840.751221	1852.932861	0.000000	0.000000	0.000000
881.000000	-3840.751221	1852.932861	0.000000	0.000000	0.000000
882.000000	-3840.751221	1852.932861	0.000000	0.000000	0.000000
883.000000	-3840.751221	1852.932861	0.000000	0.000000	0.000000
884.000000	-3840.751221	1852.932861	0.000000	0.000000	0.000000
885.000000	-3840.751221	1852.932861	0.000000	0.000000	0.000000
886.000000	-3840.751221	1852.932861	0.000000	0.000000	0.000000
887.000000	-3840.751221	1852.932861	0.000000	0.000000	0.000000
888.000000	-3840.751221	1852.932861	0.000000	0.000000	0.000000
889.000000	-3840.751221	1852.932861	0.000000	0.000000	0.000000
890.000000	-3840.751221	1852.932861	0.000000	-2.737354	2.737354
891.000000	-3840.751221	1852.172485	0.000000	0.000000	0.000000
892.000000	-3840.751221	1852.172485	0.000000	0.000000	0.000000
893.000000	-3840.751221	1852.172485	0.000000	0.000000	0.000000
894.000000	-3840.751221	1852.172485	0.000000	0.000000	0.000000
895.000000	-3840.751221	1852.172485	0.000000	0.000000	0.000000
896.000000	-3840.751221	1852.172485	0.000000	0.000000	0.000000
897.000000	-3840.751221	1852.172485	0.000000	0.000000	0.000000
898.000000	-3840.751221	1852.172485	0.000000	2.737354	2.737354
899.000000	-3840.751221	1852.932861	0.000000	4.105811	4.105811
900.000000	-3840.751221	1854.073364	-4.484179	6.842725	8.181122
901.000000	-3841.996826	1855.974121	-4.485059	10.948975	11.831982
902.000000	-3843.242676	1859.015503	-4.485059	12.317431	13.108580
903.000000	-3844.488525	1862.437012	-8.969238	17.791698	19.924652
904.000000	-3846.979980	1867.379150	-17.939356	20.529053	27.262842
905.000000	-3851.963135	1873.081665	-13.454297	26.003321	29.277821
906.000000	-3855.700439	1880.304810	-13.455175	30.109131	32.978806
907.000000	-3859.437988	1888.668457	-22.423534	30.109570	37.541992
908.000000	-3865.666748	1897.032227	-13.454297	31.477589	34.232391
909.000000	-3869.404053	1905.776001	-17.939356	32.846485	37.426090
910.000000	-3874.387207	1914.900024	-13.455175	32.846485	35.495541
911.000000	-3878.124756	1924.024048	-13.454297	34.214943	36.765205
912.000000	-3881.862061	1933.528198	-17.939356	34.214943	38.632668
913.000000	-3886.845215	1943.032349	-13.454297	36.952297	39.325443
914.000000	-3890.582520	1953.296875	-13.454297	35.583397	38.042030
915.000000	-3894.319824	1963.181152	-22.424414	36.952297	43.224144
916.000000	-3900.548828	1973.445679	-26.908594	35.583836	44.612576
917.000000	-3908.023438	1983.330078	-17.939356	39.689213	43.555187
918.000000	-3913.006592	1994.354858	-17.939356	35.583836	39.850090
919.000000	-3917.989746	2004.239258	-22.424414	39.689213	45.586048
920.000000	-3924.218750	2015.264038	-22.423534	35.583836	42.059769
921.000000	-3930.447510	2025.148438	-17.939356	38.320751	42.311943
922.000000	-3935.430664	2035.793091	-26.909473	38.320751	46.825203
923.000000	-3942.905518	2046.437744	-17.938477	36.951855	41.075886
924.000000	-3947.888428	2056.702148	-26.909473	38.321190	46.825562
925.000000	-3955.363281	2067.346924	-22.424414	36.951855	43.223766
926.000000	-3961.592285	2077.611328	-17.938477	35.584278	39.850090
927.000000	-3966.575195	2087.495850	-26.909473	36.951855	45.711697
928.000000	-3974.050049	2097.760254	-17.939356	35.583397	39.849701
929.000000	-3979.033203	2107.644531	-22.423534	31.478027	38.648170
930.000000	-3985.261963	2116.388428	-22.424414	30.108692	37.541813
931.000000	-3991.490967	2124.751953	-8.969238	23.266407	24.935375
932.000000	-3993.982422	2131.214844	-13.455175	21.897949	25.701399
933.000000	-3997.719971	2137.297607	-13.454297	17.791698	22.306112
934.000000	-4001.457275	2142.239746	-8.969238	16.423243	18.712833
935.000000	-4003.948730	2146.801758	-4.485059	8.211621	9.356627
936.000000	-4005.194580	2149.082764	-4.485059	6.843164	8.181971
937.000000	-4006.440430	2150.983643	0.000000	4.105371	4.105371
938.000000	-4006.440430	2152.124023	0.000000	2.737793	2.737793
939.000000	-4006.440430	2152.884521	-4.485059	2.736914	5.254184
940.000000	-4007.686279	2153.644775	0.000000	2.736914	2.736914
941.000000	-4007.686279	2154.405029	-4.484179	5.474707	7.076743
942.000000	-4008.931885	2155.925781	-4.485059	9.580078	10.577979
943.000000	-4010.177734	2158.586914	-4.485059	12.316992	13.108167
944.000000	-4011.423584	2162.008301	-4.484179	15.054785	15.708419
945.000000	-4012.669189	2166.190186	0.000000	19.161036	19.161036
946.000000	-4012.669189	2171.512695	4.484179	16.423243	17.024418
947.000000	-4011.423584	2176.074707	13.454297	15.053906	20.190052
948.000000	-4007.686279	2180.256348	8.970118	19.161036	21.156755
949.000000	-4005.194580	2185.578857	13.454297	19.160156	23.412170
950.000000	-4001.457275	2190.901123	0.000000	26.003321	26.003321
951.000000	-4001.457275	2198.124268	8.970118	30.109570	31.417339
952.000000	-3998.965576	2206.488037	0.000000	35.583397	35.583397
953.000000	-3998.965576	2216.372314	-8.970118	36.951855	38.025024
954.000000	-4001.457275	2226.636719	0.000000	39.689648	39.689648
955.000000	-4001.457275	2237.661621	0.000000	38.320312	38.320312
956.000000	-4001.457275	2248.306152	0.000000	39.689648	39.689648
957.000000	-4001.457275	2259.331055	0.000000	36.952736	36.952736
958.000000	-4001.457275	2269.595703	0.000000	35.583397	35.583397
959.000000	-4001.457275	2279.479980	8.970118	35.583397	36.696609
960.000000	-3998.965576	2289.364258	13.454297	34.214943	36.765205
961.000000	-3995.228271	2298.868408	13.454297	34.214943	36.765205
962.000000	-3991.490967	2308.372559	26.908594	30.109570	40.381416
963.000000	-3984.016357	2316.736328	26.909473	28.740234	39.371574
964.000000	-3976.541504	2324.719727	22.423534	31.478027	38.648170
965.000000	-3970.312744	2333.463623	26.909473	30.109570	40.382000
966.000000	-3962.837891	2341.827393	26.908594	34.214943	43.528553
967.000000	-3955.363281	2351.331543	26.909473	32.846485	42.461880
968.000000	-3947.888428	2360.455566	31.393652	35.583397	47.452496
969.000000	-3939.167969	2370.339844	31.393652	36.951855	48.487122
970.000000	-3930.447510	2380.604248	26.908594	35.583397	44.612225
971.000000	-3922.972900	2390.488525	31.393652	32.846485	45.436253
972.000000	-3914.252441	2399.612549	31.393652	35.584278	47.453159
973.000000	-3905.531982	2409.497070	31.393652	35.583397	47.452496
974.000000	-3896.811523	2419.381348	31.394531	34.214943	46.435749
975.000000	-3888.090820	2428.885498	35.877831	36.951855	51.503963
976.000000	-3878.124756	2439.149902	31.394531	35.584278	47.453739
977.000000	-3869.404053	2449.034424	35.877831	36.951855	51.503963
978.000000	-3859.437988	2459.298828	26.909473	38.321190	46.825562
979.000000	-3851.963135	2469.943604	26.908594	36.951855	45.711182
980.000000	-3844.488525	2480.208008	31.393652	41.058105	51.684906
981.000000	-3835.768066	2491.613037	22.424414	39.689648	45.586430
982.000000	-3829.539062	2502.637939	22.424414	39.688770	45.585663
983.000000	-3823.310059	2513.662598	35.877831	38.321190	52.495071
984.000000	-3813.343994	2524.307373	26.909473	36.951855	45.711697
985.000000	-3805.869141	2534.571777	31.393652	32.846485	45.436253
986.000000	-3797.148682	2543.695801	26.908594	31.478027	41.411819
987.000000	-3789.674072	2552.439697	31.393652	34.214943	46.435154
988.000000	-3780.953613	2561.943848	26.909473	32.846485	42.461880
989.000000	-3773.478760	2571.067871	22.423534	39.689648	45.585995
990.000000	-3767.250000	2582.092773	17.939356	36.951855	41.076271
991.000000	-3762.266846	2592.357178	8.970118	41.058105	42.026550
992.000000	-3759.775146	2603.762207	4.484179	42.426563	42.662880
993.000000	-3758.529541	2615.547363	0.000000	43.795021	43.795021
994.000000	-3758.529541	2627.712646	-4.484179	47.901268	48.110699
995.000000	-3759.775146	2641.018555	-8.970118	47.901268	48.733917
996.000000	-3762.266846	2654.324463	-8.969238	46.531933	47.388481
997.000000	-3764.758301	2667.250000	-8.970118	50.638184	51.426537
998.000000	-3767.250000	2681.316162	-8.969238	47.901268	48.733753
999.000000	-3769.741455	2694.622070	-8.970118	47.901268	48.733917
1000.000000	-3772.233154	2707.927979	-4.484179	50.638184	50.836342
1001.000000	-3773.478760	2721.994141	-4.485059	49.269726	49.473442
1002.000000	-3774.724609	2735.680176	-8.969238	49.268848	50.078606
1003.000000	-3777.216064	2749.365967	-4.485059	46.532814	46.748459
1004.000000	-3778.461914	2762.291748	-4.485059	47.901268	48.110779
1005.000000	-3779.707764	2775.597656	0.000000	47.900391	47.900391
1006.000000	-3779.707764	2788.903320	4.485059	49.269726	49.473442
1007.000000	-3778.461914	2802.589355	13.454297	49.269726	51.073711
1008.000000	-3774.724609	2816.275391	13.454297	52.006641	53.718792
1009.000000	-3770.987305	2830.721680	13.454297	52.007519	53.719643
1010.000000	-3767.250000	2845.168213	8.970118	54.743553	55.473595
1011.000000	-3764.758301	2860.374756	8.969238	52.006641	52.774406
1012.000000	-3762.266846	2874.821045	17.939356	47.901268	51.150288
1013.000000	-3757.283691	2888.126953	8.970118	41.058105	42.026550
1014.000000	-3754.791992	2899.531982	8.969238	32.846485	34.049065
1015.000000	-3752.300537	2908.656006	0.000000	24.634863	24.634863
1016.000000	-3752.300537	2915.499023	8.970118	20.528614	22.402834
1017.000000	-3749.808838	2921.201416	0.000000	19.160156	19.160156
1018.000000	-3749.808838	2926.523682	8.969238	16.423243	18.712833
1019.000000	-3747.317383	2931.085693	4.485059	13.686328	14.402476
1020.000000	-3746.071533	2934.887451	0.000000	8.211621	8.211621
1021.000000	-3746.071533	2937.168457	4.485059	8.211621	9.356627
1022.000000	-3744.825684	2939.449463	0.000000	4.105371	4.105371
1023.000000	-3744.825684	2940.589844	0.000000	4.106250	4.106250
1024.000000	-3744.825684	2941.730469	0.000000	1.368457	1.368457
1025.000000	-3744.825684	2942.110596	0.000000	1.368457	1.368457
1026.000000	-3744.825684	2942.490723	0.000000	0.000000	0.000000
1027.000000	-3744.825684	2942.490723	0.000000	0.000000	0.000000
1028.000000	-3744.825684	2942.490723	0.000000	0.000000	0.000000
1029.000000	-3744.825684	2942.490723	0.000000	0.000000	0.000000
1030.000000	-3744.825684	2942.490723	0.000000	0.000000	0.000000
1031.000000	-3744.825684	2942.490723	0.000000	0.000000	0.000000
1032.000000	-3744.825684	2942.490723	0.000000	0.000000	0.000000
