1.000000	-12.458077	4.182914
2.000000	-24.915792	8.363669
3.000000	-37.373505	13.305837
4.000000	-48.585552	18.248005
5.000000	-59.797615	23.190172
6.000000	-72.255440	27.752174
7.000000	-83.467499	32.694344
8.000000	-94.679558	37.256344
9.000000	-105.891632	41.818344
10.000000	-117.103706	47.140678
11.000000	-128.315720	51.702682
12.000000	-137.036209	56.644848
13.000000	-149.494080	61.967182
14.000000	-159.460312	66.909355
15.000000	-173.163925	72.231689
16.000000	-183.130219	77.554024
17.000000	-195.588043	83.256523
18.000000	-205.554337	88.578857
19.000000	-216.766373	94.281410
20.000000	-227.978409	100.364029
21.000000	-237.944687	106.446693
22.000000	-247.910965	111.769028
23.000000	-259.123016	117.471535
24.000000	-270.335052	122.033531
25.000000	-280.301331	126.595535
26.000000	-292.759186	130.777374
27.000000	-302.725433	136.860031
28.000000	-312.691742	141.802200
29.000000	-325.149567	145.984039
30.000000	-337.607391	151.306396
31.000000	-351.311005	156.248535
32.000000	-363.768860	162.331238
33.000000	-376.226685	168.033707
34.000000	-389.930328	174.876709
35.000000	-402.388153	182.480057
36.000000	-413.600189	191.984222
37.000000	-422.320679	201.868561
38.000000	-431.041168	212.133057
39.000000	-438.515869	222.777725
40.000000	-447.236359	233.042236
41.000000	-455.956848	242.166229
42.000000	-464.677338	249.389404
43.000000	-474.643585	255.472076
44.000000	-483.364075	259.653900
45.000000	-493.330353	261.174561
46.000000	-502.050842	261.554749
47.000000	-510.771332	261.554749
48.000000	-519.491821	260.794403
49.000000	-526.966492	259.653900
50.000000	-531.949646	258.513397
51.000000	-536.932800	257.753082
52.000000	-539.424316	256.992737
53.000000	-541.915894	256.612579
54.000000	-544.407471	256.612579
55.000000	-545.653259	255.852234
56.000000	-546.899048	255.852234
57.000000	-546.899048	255.852234
58.000000	-546.899048	255.852234
59.000000	-546.899048	255.852234
60.000000	-546.899048	255.852234
61.000000	-546.899048	255.472076
62.000000	-546.899048	255.472076
63.000000	-546.899048	255.472076
64.000000	-546.899048	255.472076
65.000000	-546.899048	255.472076
66.000000	-546.899048	255.472076
67.000000	-546.899048	255.472076
68.000000	-546.899048	255.472076
69.000000	-546.899048	255.472076
70.000000	-546.899048	255.472076
71.000000	-546.899048	255.472076
72.000000	-546.899048	255.472076
73.000000	-548.144836	255.091919
74.000000	-549.390625	255.091919
75.000000	-550.636414	254.711731
76.000000	-550.636414	254.711731
77.000000	-551.882202	254.711731
78.000000	-551.882202	254.711731
79.000000	-551.882202	254.331573
80.000000	-551.882202	254.331573
81.000000	-551.882202	254.331573
82.000000	-551.882202	254.331573
83.000000	-551.882202	254.331573
84.000000	-551.882202	254.331573
85.000000	-555.619507	253.951401
86.000000	-556.865356	253.571228
87.000000	-559.356873	253.571228
88.000000	-560.602661	253.191071
89.000000	-561.848450	252.430740
90.000000	-565.585815	252.430740
91.000000	-566.831604	252.430740
92.000000	-569.323181	251.670395
93.000000	-571.814697	251.290237
94.000000	-575.552063	250.529907
95.000000	-578.043640	250.149734
96.000000	-580.535217	250.149734
97.000000	-581.781006	249.389404
98.000000	-581.781006	249.389404
99.000000	-583.026794	249.389404
100.000000	-584.272583	249.389404
101.000000	-584.272583	249.389404
102.000000	-585.518372	248.629074
103.000000	-588.009888	248.629074
104.000000	-588.009888	248.629074
105.000000	-590.501465	247.868729
106.000000	-592.993042	247.868729
107.000000	-594.238831	247.488571
108.000000	-595.484619	247.488571
109.000000	-596.730408	247.108398
110.000000	-597.976196	247.108398
111.000000	-597.976196	247.108398
112.000000	-600.467773	247.108398
113.000000	-600.467773	247.108398
114.000000	-600.467773	246.728226
115.000000	-600.467773	246.728226
116.000000	-600.467773	246.728226
117.000000	-600.467773	246.728226
118.000000	-600.467773	246.728226
119.000000	-600.467773	246.728226
120.000000	-600.467773	246.728226
121.000000	-600.467773	246.728226
122.000000	-600.467773	246.728226
123.000000	-600.467773	246.728226
124.000000	-600.467773	246.728226
125.000000	-600.467773	246.728226
126.000000	-600.467773	246.728226
127.000000	-600.467773	246.728226
128.000000	-600.467773	246.728226
129.000000	-600.467773	246.728226
130.000000	-600.467773	246.728226
131.000000	-600.467773	246.728226
132.000000	-602.959290	246.348068
133.000000	-602.959290	246.348068
134.000000	-602.959290	246.348068
135.000000	-602.959290	246.348068
136.000000	-604.205078	246.348068
137.000000	-604.205078	246.348068
138.000000	-605.450867	245.587738
139.000000	-606.696655	245.587738
140.000000	-607.942444	245.587738
141.000000	-610.434021	245.587738
142.000000	-610.434021	244.827393
143.000000	-612.925598	244.827393
144.000000	-614.171387	244.827393
145.000000	-614.171387	244.827393
146.000000	-614.171387	244.827393
147.000000	-614.171387	244.827393
148.000000	-614.171387	244.827393
149.000000	-615.417175	244.827393
150.000000	-616.662964	244.067062
151.000000	-617.908691	243.686905
152.000000	-619.154480	243.686905
153.000000	-620.400269	243.306732
154.000000	-621.646057	243.306732
155.000000	-624.137634	242.926559
156.000000	-626.629211	242.546402
157.000000	-627.875000	242.546402
158.000000	-629.120789	242.546402
159.000000	-631.612366	242.166229
160.000000	-634.103882	242.166229
161.000000	-634.103882	241.786072
162.000000	-636.595459	241.786072
163.000000	-636.595459	241.025757
164.000000	-636.595459	241.025757
165.000000	-639.087036	241.025757
166.000000	-639.087036	240.645569
167.000000	-640.332825	240.645569
168.000000	-640.332825	240.645569
169.000000	-640.332825	240.645569
170.000000	-640.332825	240.645569
171.000000	-640.332825	240.645569
172.000000	-640.332825	240.645569
173.000000	-640.332825	240.645569
174.000000	-640.332825	240.645569
175.000000	-640.332825	240.645569
176.000000	-640.332825	240.645569
177.000000	-640.332825	240.645569
178.000000	-640.332825	240.645569
179.000000	-640.332825	240.645569
180.000000	-640.332825	240.645569
181.000000	-640.332825	240.645569
182.000000	-640.332825	240.645569
183.000000	-640.332825	240.645569
184.000000	-640.332825	240.645569
185.000000	-640.332825	240.645569
186.000000	-640.332825	240.645569
187.000000	-640.332825	240.645569
188.000000	-640.332825	240.645569
189.000000	-640.332825	240.645569
190.000000	-640.332825	240.645569
191.000000	-640.332825	240.645569
192.000000	-640.332825	240.645569
193.000000	-640.332825	240.645569
194.000000	-640.332825	240.645569
195.000000	-640.332825	240.645569
196.000000	-640.332825	240.645569
197.000000	-640.332825	240.645569
198.000000	-640.332825	240.645569
199.000000	-640.332825	240.645569
200.000000	-640.332825	240.645569
201.000000	-640.332825	240.645569
202.000000	-640.332825	240.645569
203.000000	-641.578613	240.645569
204.000000	-641.578613	240.645569
205.000000	-644.070190	240.265396
206.000000	-646.561768	240.265396
207.000000	-646.561768	239.885239
208.000000	-649.053345	239.885239
209.000000	-649.053345	239.505066
210.000000	-652.790649	239.124893
211.000000	-654.036438	239.124893
212.000000	-656.528015	238.744736
213.000000	-661.511169	238.364563
214.000000	-664.002686	237.224060
215.000000	-666.494263	236.843903
216.000000	-668.985840	236.083557
217.000000	-673.968994	235.323227
218.000000	-677.706360	233.802567
219.000000	-680.197937	233.422394
220.000000	-682.689453	233.042236
221.000000	-685.181030	232.662064
222.000000	-687.672607	232.281891
223.000000	-690.164185	231.521561
224.000000	-691.409973	231.521561
225.000000	-692.655762	231.521561
226.000000	-695.147278	231.521561
227.000000	-695.147278	230.761230
228.000000	-697.638855	230.761230
229.000000	-701.376221	230.761230
230.000000	-703.867798	230.000900
231.000000	-705.113586	230.000900
232.000000	-707.605164	230.000900
233.000000	-710.096741	230.000900
234.000000	-710.096741	230.000900
235.000000	-712.588257	230.000900
236.000000	-713.834045	230.000900
237.000000	-716.325623	230.000900
238.000000	-720.062988	229.240585
239.000000	-720.062988	229.240585
240.000000	-723.800354	229.240585
241.000000	-726.291931	229.240585
242.000000	-727.537720	229.240585
243.000000	-728.783447	229.240585
244.000000	-730.029236	229.240585
245.000000	-732.520813	229.240585
246.000000	-732.520813	228.860397
247.000000	-733.766602	228.860397
248.000000	-735.012390	228.860397
249.000000	-736.258179	228.860397
250.000000	-737.503967	228.860397
251.000000	-739.995544	228.860397
252.000000	-741.241333	228.860397
253.000000	-743.732849	228.860397
254.000000	-743.732849	228.480225
255.000000	-747.470215	228.480225
256.000000	-748.716003	228.480225
257.000000	-751.207581	228.480225
258.000000	-753.699158	228.480225
259.000000	-756.190735	228.480225
260.000000	-761.173828	228.480225
261.000000	-766.156982	228.480225
262.000000	-768.648560	228.480225
263.000000	-773.631653	228.100067
264.000000	-778.614807	228.100067
265.000000	-784.843750	228.100067
266.000000	-789.826843	228.100067
267.000000	-796.055786	227.719894
268.000000	-802.284729	227.719894
269.000000	-807.267822	227.719894
270.000000	-812.250977	227.719894
271.000000	-817.234131	227.719894
272.000000	-820.971497	226.959564
273.000000	-824.708801	226.959564
274.000000	-827.200378	226.959564
275.000000	-829.691956	226.959564
276.000000	-830.937744	226.959564
277.000000	-832.183533	226.959564
278.000000	-834.675110	226.959564
279.000000	-835.920898	226.959564
280.000000	-839.658203	226.959564
281.000000	-843.395569	226.959564
282.000000	-847.132935	226.959564
283.000000	-852.116089	226.959564
284.000000	-855.853394	226.959564
285.000000	-860.836548	226.199234
286.000000	-867.065491	226.199234
287.000000	-870.802795	226.199234
288.000000	-875.785950	226.199234
289.000000	-880.769104	226.199234
290.000000	-885.752197	225.819061
291.000000	-889.489563	225.819061
292.000000	-893.226929	225.819061
293.000000	-895.718506	225.819061
294.000000	-899.455811	225.819061
295.000000	-901.947388	225.819061
296.000000	-905.684753	225.819061
297.000000	-909.422119	225.819061
298.000000	-913.159485	225.819061
299.000000	-915.651001	225.819061
300.000000	-919.388367	225.438919
301.000000	-921.879944	225.438919
302.000000	-926.863098	225.438919
303.000000	-931.846191	225.438919
304.000000	-934.337769	225.438919
305.000000	-936.829346	225.438919
306.000000	-938.075134	225.438919
307.000000	-938.075134	225.438919
308.000000	-938.075134	225.438919
309.000000	-939.320923	225.438919
310.000000	-940.566711	225.438919
311.000000	-941.812500	225.058731
312.000000	-944.304077	225.058731
313.000000	-946.795654	225.058731
314.000000	-949.287170	225.058731
315.000000	-951.778748	225.058731
316.000000	-953.024536	225.058731
317.000000	-955.516113	225.058731
318.000000	-956.761902	225.058731
319.000000	-960.499268	225.058731
320.000000	-961.745056	225.058731
321.000000	-964.236572	225.058731
322.000000	-966.728149	224.678558
323.000000	-970.465515	224.678558
324.000000	-972.957092	224.678558
325.000000	-975.448669	224.678558
326.000000	-977.940186	224.678558
327.000000	-980.431763	224.678558
328.000000	-982.923340	224.678558
329.000000	-986.660706	224.678558
330.000000	-990.398071	224.678558
331.000000	-992.889648	224.678558
332.000000	-995.381165	224.298401
333.000000	-997.872742	224.298401
334.000000	-1000.364319	224.298401
335.000000	-1002.855896	224.298401
336.000000	-1005.347473	224.298401
337.000000	-1010.330566	224.298401
338.000000	-1015.313721	224.298401
339.000000	-1020.296875	223.918228
340.000000	-1025.280029	223.918228
341.000000	-1031.508911	223.918228
342.000000	-1036.492065	223.918228
343.000000	-1041.475220	223.157913
344.000000	-1046.458374	223.157913
345.000000	-1051.441406	223.157913
346.000000	-1053.932983	223.157913
347.000000	-1053.932983	223.157913
348.000000	-1056.424561	223.157913
349.000000	-1056.424561	223.157913
350.000000	-1056.424561	223.157913
351.000000	-1056.424561	223.157913
352.000000	-1056.424561	223.157913
353.000000	-1056.424561	223.157913
354.000000	-1056.424561	223.157913
355.000000	-1056.424561	223.157913
356.000000	-1056.424561	223.157913
357.000000	-1056.424561	223.157913
358.000000	-1056.424561	223.157913
359.000000	-1056.424561	223.157913
360.000000	-1056.424561	223.157913
361.000000	-1056.424561	223.157913
362.000000	-1056.424561	223.157913
363.000000	-1056.424561	223.157913
364.000000	-1056.424561	223.157913
365.000000	-1056.424561	223.157913
366.000000	-1056.424561	223.157913
367.000000	-1056.424561	223.157913
368.000000	-1056.424561	223.157913
369.000000	-1056.424561	223.157913
370.000000	-1056.424561	223.157913
371.000000	-1056.424561	223.157913
372.000000	-1056.424561	223.157913
373.000000	-1056.424561	223.157913
374.000000	-1056.424561	223.157913
375.000000	-1056.424561	223.157913
376.000000	-1056.424561	223.157913
377.000000	-1056.424561	223.157913
378.000000	-1056.424561	223.157913
379.000000	-1057.670410	223.157913
380.000000	-1057.670410	223.157913
381.000000	-1060.161987	222.777725
382.000000	-1062.653564	222.777725
383.000000	-1066.390869	222.777725
384.000000	-1068.882446	222.777725
385.000000	-1071.374023	222.777725
386.000000	-1075.111328	222.777725
387.000000	-1080.094482	222.777725
388.000000	-1085.077637	222.777725
389.000000	-1090.060791	222.397552
390.000000	-1096.289673	222.397552
391.000000	-1102.518555	222.397552
392.000000	-1108.747559	222.017395
393.000000	-1114.976440	222.017395
394.000000	-1121.205322	222.017395
395.000000	-1128.680054	222.017395
396.000000	-1132.417358	221.637222
397.000000	-1138.646362	221.637222
398.000000	-1141.137817	221.637222
399.000000	-1143.629395	221.637222
400.000000	-1146.120972	221.637222
401.000000	-1148.612549	221.637222
402.000000	-1148.612549	221.637222
403.000000	-1148.612549	221.637222
404.000000	-1148.612549	221.637222
405.000000	-1148.612549	221.637222
406.000000	-1148.612549	221.637222
407.000000	-1148.612549	221.637222
408.000000	-1148.612549	221.637222
409.000000	-1148.612549	221.637222
410.000000	-1148.612549	221.637222
411.000000	-1148.612549	221.637222
412.000000	-1148.612549	221.637222
413.000000	-1151.104126	221.637222
414.000000	-1152.349976	221.637222
415.000000	-1153.595703	221.637222
416.000000	-1156.087280	221.257065
417.000000	-1158.578857	221.257065
418.000000	-1163.562012	221.257065
419.000000	-1166.053589	221.257065
420.000000	-1171.036743	221.257065
421.000000	-1174.774048	221.257065
422.000000	-1178.511353	221.257065
423.000000	-1184.740356	221.257065
424.000000	-1189.723389	221.257065
425.000000	-1194.706543	221.257065
426.000000	-1199.689697	221.257065
427.000000	-1204.672852	220.876892
428.000000	-1210.901733	220.876892
429.000000	-1215.884888	220.496719
430.000000	-1222.113770	219.736389
431.000000	-1228.342773	219.736389
432.000000	-1235.817383	219.356232
433.000000	-1240.800537	218.976059
434.000000	-1248.275269	218.976059
435.000000	-1255.750000	218.595917
436.000000	-1263.224731	218.595917
437.000000	-1271.945190	218.595917
438.000000	-1278.174072	218.595917
439.000000	-1286.894531	218.595917
440.000000	-1296.860840	218.595917
441.000000	-1305.581299	218.595917
442.000000	-1314.301758	218.976059
443.000000	-1326.759644	218.976059
444.000000	-1336.725952	218.595917
445.000000	-1346.692139	218.595917
446.000000	-1359.150024	218.595917
447.000000	-1370.362061	218.215729
448.000000	-1382.819946	218.215729
449.000000	-1395.277710	217.835556
450.000000	-1407.735596	217.455368
451.000000	-1421.439209	217.455368
452.000000	-1433.897095	216.695053
453.000000	-1446.354858	216.695053
454.000000	-1460.058472	216.695053
455.000000	-1472.516357	215.934723
456.000000	-1486.219971	215.934723
457.000000	-1499.923584	215.934723
458.000000	-1513.627197	215.174393
459.000000	-1528.576660	214.794220
460.000000	-1543.526001	214.414062
461.000000	-1557.229614	214.033890
462.000000	-1573.424805	213.653717
463.000000	-1589.619995	212.893417
464.000000	-1604.569458	212.893417
465.000000	-1619.518799	212.893417
466.000000	-1633.222412	212.133057
467.000000	-1649.417603	212.133057
468.000000	-1664.367065	212.133057
469.000000	-1679.316406	211.372726
470.000000	-1693.020020	211.372726
471.000000	-1706.723633	210.992554
472.000000	-1722.918823	210.992554
473.000000	-1736.622437	210.992554
474.000000	-1750.326050	210.992554
475.000000	-1765.275513	210.992554
476.000000	-1777.733398	210.612396
477.000000	-1790.191162	210.232224
478.000000	-1803.894775	210.232224
479.000000	-1813.861084	209.852051
480.000000	-1823.827393	209.852051
481.000000	-1831.302002	209.852051
482.000000	-1836.285156	209.091721
483.000000	-1842.514160	209.091721
484.000000	-1848.743042	209.091721
485.000000	-1851.234619	209.091721
486.000000	-1853.726196	209.091721
487.000000	-1854.971924	209.091721
488.000000	-1854.971924	209.091721
489.000000	-1854.971924	209.091721
490.000000	-1854.971924	209.091721
491.000000	-1854.971924	209.091721
492.000000	-1854.971924	209.091721
493.000000	-1854.971924	209.091721
494.000000	-1854.971924	209.091721
495.000000	-1854.971924	209.091721
496.000000	-1854.971924	209.091721
497.000000	-1854.971924	209.091721
498.000000	-1854.971924	209.091721
499.000000	-1854.971924	209.091721
500.000000	-1854.971924	209.091721
501.000000	-1854.971924	209.091721
502.000000	-1854.971924	209.091721
503.000000	-1854.971924	209.091721
504.000000	-1854.971924	209.091721
505.000000	-1854.971924	209.091721
506.000000	-1854.971924	209.091721
507.000000	-1854.971924	209.091721
508.000000	-1854.971924	209.091721
509.000000	-1854.971924	209.091721
510.000000	-1854.971924	209.091721
511.000000	-1854.971924	209.091721
512.000000	-1854.971924	209.091721
513.000000	-1854.971924	209.091721
514.000000	-1854.971924	209.091721
515.000000	-1854.971924	209.091721
516.000000	-1854.971924	209.091721
517.000000	-1854.971924	209.091721
518.000000	-1854.971924	209.091721
519.000000	-1854.971924	209.091721
520.000000	-1854.971924	209.091721
521.000000	-1854.971924	209.091721
522.000000	-1854.971924	209.091721
523.000000	-1854.971924	209.091721
524.000000	-1854.971924	209.091721
525.000000	-1854.971924	209.091721
526.000000	-1856.217773	209.091721
527.000000	-1858.709351	209.091721
528.000000	-1863.692383	209.091721
529.000000	-1867.429810	208.331390
530.000000	-1872.412964	208.331390
531.000000	-1879.887573	208.331390
532.000000	-1888.608154	207.951218
533.000000	-1897.328613	207.951218
534.000000	-1906.049072	207.571060
535.000000	-1917.261108	207.571060
536.000000	-1927.227417	207.571060
537.000000	-1938.439453	207.190887
538.000000	-1950.897339	206.810730
539.000000	-1962.109375	206.430557
540.000000	-1973.321411	205.670227
541.000000	-1985.779175	203.389221
542.000000	-1996.991333	200.728058
543.000000	-2008.203369	197.306580
544.000000	-2019.415405	192.744553
545.000000	-2030.627441	186.661880
546.000000	-2040.593750	180.199051
547.000000	-2048.068359	173.736206
548.000000	-2058.034668	166.132874
549.000000	-2065.509277	158.529541
550.000000	-2072.984131	150.546036
551.000000	-2080.458740	143.703033
552.000000	-2087.933594	136.099701
553.000000	-2094.162354	128.876541
554.000000	-2101.637207	122.033531
555.000000	-2109.111816	114.810364
556.000000	-2116.586426	107.207031
557.000000	-2124.061279	99.603691
558.000000	-2130.290039	92.380524
559.000000	-2139.010742	84.777191
560.000000	-2145.239502	78.314354
561.000000	-2151.468506	71.851517
562.000000	-2155.205811	66.529182
563.000000	-2160.188965	62.727516
564.000000	-2162.680420	59.686184
565.000000	-2167.663574	55.884514
566.000000	-2170.155273	52.843182
567.000000	-2172.646729	48.661346
568.000000	-2176.384033	44.859680
569.000000	-2180.121582	40.677845
570.000000	-2186.350342	36.115845
571.000000	-2190.087646	30.793509
572.000000	-2196.316650	25.471174
573.000000	-2201.299805	19.388506
574.000000	-2208.774414	13.305837
575.000000	-2213.757568	6.843002
576.000000	-2221.232422	0.000000
577.000000	-2228.707031	6.843002
578.000000	-2233.690186	13.305837
579.000000	-2241.164795	20.529005
580.000000	-2247.393799	27.372007
581.000000	-2256.114258	34.975342
582.000000	-2262.343262	42.578678
583.000000	-2271.063721	50.562180
584.000000	-2277.292725	58.545681
585.000000	-2287.258789	66.909355
586.000000	-2294.733643	75.273018
587.000000	-2302.208252	83.636688
588.000000	-2309.683105	92.000359
589.000000	-2318.403564	100.364029
590.000000	-2325.878174	108.347527
591.000000	-2332.107178	116.331032
592.000000	-2338.335938	123.934364
593.000000	-2345.810791	132.298035
594.000000	-2353.285400	140.281540
595.000000	-2360.760010	148.265045
596.000000	-2366.989014	156.248535
597.000000	-2374.463623	164.232040
598.000000	-2380.692627	172.595718
599.000000	-2389.413086	180.579208
600.000000	-2396.887939	188.942886
601.000000	-2403.116699	197.686722
602.000000	-2409.345703	205.290054
603.000000	-2416.820312	213.653717
604.000000	-2424.295166	221.637222
605.000000	-2433.015625	229.620728
606.000000	-2439.244385	237.984421
607.000000	-2446.719238	245.967911
608.000000	-2452.947998	253.951401
609.000000	-2461.668701	261.934906
610.000000	-2467.897461	270.678741
611.000000	-2475.372314	278.282074
612.000000	-2482.846924	286.265564
613.000000	-2489.075928	294.249084
614.000000	-2496.550537	301.852417
615.000000	-2504.025146	309.455750
616.000000	-2510.254150	317.439240
617.000000	-2518.974609	324.282257
618.000000	-2526.449463	330.745087
619.000000	-2535.169922	336.827759
620.000000	-2543.890381	342.150085
621.000000	-2553.856689	347.852600
622.000000	-2562.577148	353.935272
623.000000	-2571.297607	359.257599
624.000000	-2581.263916	365.340271
625.000000	-2591.230225	370.662598
626.000000	-2601.196289	376.745270
627.000000	-2611.162598	382.447784
628.000000	-2621.128906	388.910614
629.000000	-2631.095215	395.373444
630.000000	-2641.061523	401.456116
631.000000	-2651.027832	407.538788
632.000000	-2660.993896	412.861115
633.000000	-2669.714600	418.183472
634.000000	-2677.189209	423.885956
635.000000	-2687.155518	429.208282
636.000000	-2694.630127	434.910797
637.000000	-2704.596436	440.993439
638.000000	-2714.562744	446.315796
639.000000	-2723.283203	452.018311
640.000000	-2730.757812	457.340637
641.000000	-2740.724121	462.662964
642.000000	-2749.444580	467.985291
643.000000	-2758.165039	473.687805
644.000000	-2781.834961	488.894470
645.000000	-2789.309814	493.836639
646.000000	-2799.275879	498.398621
647.000000	-2807.996582	501.820129
648.000000	-2816.717041	505.621826
649.000000	-2821.700195	509.423462
650.000000	-2827.928955	512.084656
651.000000	-2831.666260	514.745789
652.000000	-2832.912109	516.266479
653.000000	-2835.403809	517.026794
654.000000	-2835.403809	517.026794
655.000000	-2835.403809	517.787109
656.000000	-2835.403809	517.787109
657.000000	-2835.403809	517.787109
658.000000	-2835.403809	517.787109
659.000000	-2837.895264	518.167297
660.000000	-2837.895264	518.547485
661.000000	-2837.895264	518.547485
662.000000	-2837.895264	518.547485
663.000000	-2837.895264	518.547485
664.000000	-2837.895264	518.547485
665.000000	-2837.895264	518.547485
666.000000	-2837.895264	518.547485
667.000000	-2837.895264	518.547485
668.000000	-2837.895264	518.547485
669.000000	-2837.895264	518.547485
670.000000	-2837.895264	518.547485
671.000000	-2837.895264	518.547485
672.000000	-2837.895264	518.547485
673.000000	-2837.895264	518.547485
674.000000	-2837.895264	518.547485
675.000000	-2837.895264	518.547485
676.000000	-2837.895264	518.547485
677.000000	-2837.895264	518.927612
678.000000	-2839.141113	519.307800
679.000000	-2841.632568	520.828491
680.000000	-2844.124268	522.729309
681.000000	-2847.861572	525.390503
682.000000	-2854.090576	528.051636
683.000000	-2860.319336	531.853333
684.000000	-2901.430176	553.522827
685.000000	-2906.413330	556.944336
686.000000	-2912.642334	559.985657
687.000000	-2918.871338	563.026978
688.000000	-2923.854248	566.068298
689.000000	-2930.083252	569.489807
690.000000	-2936.312256	572.911316
691.000000	-2942.541016	576.332825
692.000000	-2950.015869	580.514648
693.000000	-2957.490479	584.316345
694.000000	-2964.965332	588.878296
695.000000	-2973.685791	593.440308
696.000000	-2983.651855	598.382507
697.000000	-3054.661621	636.779358
698.000000	-3065.873779	643.242188
699.000000	-3077.085693	649.324829
700.000000	-3089.543701	655.787659
701.000000	-3100.755615	661.870361
702.000000	-3113.213379	668.713318
703.000000	-3125.671387	674.415833
704.000000	-3138.129150	679.738159
705.000000	-3151.832764	684.300171
706.000000	-3165.536377	688.862183
707.000000	-3181.731689	692.663879
708.000000	-3194.189453	695.705200
709.000000	-3209.138916	698.366333
710.000000	-3224.088135	701.407715
711.000000	-3237.791748	703.688660
712.000000	-3252.741211	706.730042
713.000000	-3267.690674	709.011047
714.000000	-3282.640137	712.052368
715.000000	-3296.343750	716.234192
716.000000	-3311.292969	720.035889
717.000000	-3323.750977	724.597839
718.000000	-3337.454590	729.920227
719.000000	-3349.912354	736.002869
720.000000	-3359.878662	742.845886
721.000000	-3372.336426	749.688843
722.000000	-3386.040039	756.531860
723.000000	-3397.252197	764.135193
724.000000	-3408.464111	770.598022
725.000000	-3418.430420	777.441040
726.000000	-3427.150879	783.903870
727.000000	-3435.871338	789.226196
728.000000	-3444.592041	794.548523
729.000000	-3450.820801	798.730408
730.000000	-3457.049805	802.532043
731.000000	-3462.032959	805.573364
732.000000	-3467.016113	808.614746
733.000000	-3470.753418	810.895691
734.000000	-3473.244873	812.796570
735.000000	-3474.490723	813.937073
736.000000	-3476.982422	815.077576
737.000000	-3476.982422	815.837891
738.000000	-3479.473877	816.218079
739.000000	-3479.473877	816.218079
740.000000	-3479.473877	816.598206
741.000000	-3479.473877	816.218079
742.000000	-3479.473877	816.218079
743.000000	-3479.473877	816.218079
744.000000	-3479.473877	816.218079
745.000000	-3479.473877	816.218079
746.000000	-3479.473877	816.218079
747.000000	-3479.473877	816.218079
748.000000	-3479.473877	816.218079
749.000000	-3479.473877	816.218079
750.000000	-3479.473877	816.218079
751.000000	-3479.473877	816.218079
752.000000	-3479.473877	816.218079
753.000000	-3479.473877	816.218079
754.000000	-3479.473877	816.218079
755.000000	-3479.473877	816.218079
756.000000	-3479.473877	816.218079
757.000000	-3479.473877	816.218079
758.000000	-3479.473877	816.218079
759.000000	-3479.473877	816.218079
760.000000	-3479.473877	816.218079
761.000000	-3479.473877	816.218079
762.000000	-3479.473877	816.218079
763.000000	-3479.473877	816.978394
764.000000	-3481.965332	818.118896
765.000000	-3484.457031	820.019714
766.000000	-3488.194336	822.680908
767.000000	-3491.931641	825.722229
768.000000	-3496.914795	829.523865
769.000000	-3504.389648	834.085876
770.000000	-3509.372803	839.788391
771.000000	-3516.847412	845.871033
772.000000	-3521.830566	853.094238
773.000000	-3528.059326	861.457886
774.000000	-3533.042480	871.722412
775.000000	-3538.025635	882.747253
776.000000	-3540.517334	894.152222
777.000000	-3540.517334	907.077942
778.000000	-3540.517334	920.003601
779.000000	-3540.517334	932.929260
780.000000	-3543.008789	945.474731
781.000000	-3544.254639	957.640076
782.000000	-3545.500488	968.664917
783.000000	-3550.483643	979.689758
784.000000	-3554.220947	990.714600
785.000000	-3559.204102	1001.359253
786.000000	-3565.432861	1012.003967
787.000000	-3571.661865	1023.408936
788.000000	-3580.382324	1034.813965
789.000000	-3589.102783	1046.599121
790.000000	-3596.577637	1058.764404
791.000000	-3602.806396	1070.549683
792.000000	-3609.035400	1082.334839
793.000000	-3616.510010	1094.119995
794.000000	-3623.984863	1105.525024
795.000000	-3628.968018	1117.690308
796.000000	-3635.196777	1129.855591
797.000000	-3642.671631	1142.781250
798.000000	-3647.654785	1155.326782
799.000000	-3652.637695	1168.632690
800.000000	-3657.620850	1182.318604
801.000000	-3663.849854	1196.384766
802.000000	-3670.078857	1210.451050
803.000000	-3675.062012	1224.517212
804.000000	-3681.290771	1238.583374
805.000000	-3686.273926	1252.269287
806.000000	-3693.748779	1265.194946
807.000000	-3703.714844	1276.980225
808.000000	-3712.435547	1288.005005
809.000000	-3722.401611	1297.889404
810.000000	-3732.367920	1307.773682
811.000000	-3743.580078	1317.277832
812.000000	-3752.300537	1327.922485
813.000000	-3759.775146	1338.947388
814.000000	-3767.250000	1350.352417
815.000000	-3772.233154	1362.897827
816.000000	-3774.724609	1375.443359
817.000000	-3778.461914	1387.988892
818.000000	-3778.461914	1401.294678
819.000000	-3777.216064	1414.220337
820.000000	-3773.478760	1426.385742
821.000000	-3769.741455	1438.551025
822.000000	-3764.758301	1451.096558
823.000000	-3762.266846	1462.881714
824.000000	-3757.283691	1475.047119
825.000000	-3754.791992	1487.972778
826.000000	-3752.300537	1501.278564
827.000000	-3749.808838	1514.584351
828.000000	-3749.808838	1528.270386
829.000000	-3749.808838	1542.336548
830.000000	-3749.808838	1556.402710
831.000000	-3752.300537	1569.708618
832.000000	-3757.283691	1583.774780
833.000000	-3762.266846	1597.080566
834.000000	-3768.495605	1610.006226
835.000000	-3773.478760	1622.931885
836.000000	-3780.953613	1636.237793
837.000000	-3787.182373	1649.163452
838.000000	-3794.657227	1662.469238
839.000000	-3802.131836	1676.155273
840.000000	-3807.114990	1690.221436
841.000000	-3810.852295	1703.527344
842.000000	-3815.835449	1717.593506
843.000000	-3818.327148	1731.659668
844.000000	-3820.818604	1745.725830
845.000000	-3823.310059	1758.651489
846.000000	-3823.310059	1771.957275
847.000000	-3823.310059	1783.742432
848.000000	-3825.801758	1793.626831
849.000000	-3825.801758	1803.130981
850.000000	-3828.293213	1811.114502
851.000000	-3829.539062	1818.337646
852.000000	-3830.784912	1824.420288
853.000000	-3832.030762	1829.362549
854.000000	-3833.276367	1833.924438
855.000000	-3833.276367	1838.106323
856.000000	-3835.768066	1841.907959
857.000000	-3835.768066	1844.949341
858.000000	-3838.259521	1847.230347
859.000000	-3838.259521	1849.511353
860.000000	-3839.505371	1850.651855
861.000000	-3839.505371	1851.412109
862.000000	-3839.505371	1852.172485
863.000000	-3839.505371	1852.932861
864.000000	-3839.505371	1852.932861
865.000000	-3839.505371	1852.932861
866.000000	-3839.505371	1852.932861
867.000000	-3839.505371	1852.932861
868.000000	-3839.505371	1852.932861
869.000000	-3839.505371	1852.932861
870.000000	-3840.751221	1852.932861
871.000000	-3840.751221	1852.932861
872.000000	-3840.751221	1852.932861
873.000000	-3840.751221	1852.932861
874.000000	-3840.751221	1852.932861
875.000000	-3840.751221	1852.932861
876.000000	-3840.751221	1852.932861
877.000000	-3840.751221	1852.932861
878.000000	-3840.751221	1852.932861
879.000000	-3840.751221	1852.932861
880.000000	-3840.751221	1852.932861
881.000000	-3840.751221	1852.932861
882.000000	-3840.751221	1852.932861
883.000000	-3840.751221	1852.932861
884.000000	-3840.751221	1852.932861
885.000000	-3840.751221	1852.932861
886.000000	-3840.751221	1852.932861
887.000000	-3840.751221	1852.932861
888.000000	-3840.751221	1852.932861
889.000000	-3840.751221	1852.932861
890.000000	-3840.751221	1852.932861
891.000000	-3840.751221	1852.172485
892.000000	-3840.751221	1852.172485
893.000000	-3840.751221	1852.172485
894.000000	-3840.751221	1852.172485
895.000000	-3840.751221	1852.172485
896.000000	-3840.751221	1852.172485
897.000000	-3840.751221	1852.172485
898.000000	-3840.751221	1852.172485
899.000000	-3840.751221	1852.932861
900.000000	-3840.751221	1854.073364
901.000000	-3841.996826	1855.974121
902.000000	-3843.242676	1859.015503
903.000000	-3844.488525	1862.437012
904.000000	-3846.979980	1867.379150
905.000000	-3851.963135	1873.081665
906.000000	-3855.700439	1880.304810
907.000000	-3859.437988	1888.668457
908.000000	-3865.666748	1897.032227
909.000000	-3869.404053	1905.776001
910.000000	-3874.387207	1914.900024
911.000000	-3878.124756	1924.024048
912.000000	-3881.862061	1933.528198
913.000000	-3886.845215	1943.032349
914.000000	-3890.582520	1953.296875
915.000000	-3894.319824	1963.181152
916.000000	-3900.548828	1973.445679
917.000000	-3908.023438	1983.330078
918.000000	-3913.006592	1994.354858
919.000000	-3917.989746	2004.239258
920.000000	-3924.218750	2015.264038
921.000000	-3930.447510	2025.148438
922.000000	-3935.430664	2035.793091
923.000000	-3942.905518	2046.437744
924.000000	-3947.888428	2056.702148
925.000000	-3955.363281	2067.346924
926.000000	-3961.592285	2077.611328
927.000000	-3966.575195	2087.495850
928.000000	-3974.050049	2097.760254
929.000000	-3979.033203	2107.644531
930.000000	-3985.261963	2116.388428
931.000000	-3991.490967	2124.751953
932.000000	-3993.982422	2131.214844
933.000000	-3997.719971	2137.297607
934.000000	-4001.457275	2142.239746
935.000000	-4003.948730	2146.801758
936.000000	-4005.194580	2149.082764
937.000000	-4006.440430	2150.983643
938.000000	-4006.440430	2152.124023
939.000000	-4006.440430	2152.884521
940.000000	-4007.686279	2153.644775
941.000000	-4007.686279	2154.405029
942.000000	-4008.931885	2155.925781
943.000000	-4010.177734	2158.586914
944.000000	-4011.423584	2162.008301
945.000000	-4012.669189	2166.190186
946.000000	-4012.669189	2171.512695
947.000000	-4011.423584	2176.074707
948.000000	-4007.686279	2180.256348
949.000000	-4005.194580	2185.578857
950.000000	-4001.457275	2190.901123
951.000000	-4001.457275	2198.124268
952.000000	-3998.965576	2206.488037
953.000000	-3998.965576	2216.372314
954.000000	-4001.457275	2226.636719
955.000000	-4001.457275	2237.661621
956.000000	-4001.457275	2248.306152
957.000000	-4001.457275	2259.331055
958.000000	-4001.457275	2269.595703
959.000000	-4001.457275	2279.479980
960.000000	-3998.965576	2289.364258
961.000000	-3995.228271	2298.868408
962.000000	-3991.490967	2308.372559
963.000000	-3984.016357	2316.736328
964.000000	-3976.541504	2324.719727
965.000000	-3970.312744	2333.463623
966.000000	-3962.837891	2341.827393
967.000000	-3955.363281	2351.331543
968.000000	-3947.888428	2360.455566
969.000000	-3939.167969	2370.339844
970.000000	-3930.447510	2380.604248
971.000000	-3922.972900	2390.488525
972.000000	-3914.252441	2399.612549
973.000000	-3905.531982	2409.497070
974.000000	-3896.811523	2419.381348
975.000000	-3888.090820	2428.885498
976.000000	-3878.124756	2439.149902
977.000000	-3869.404053	2449.034424
978.000000	-3859.437988	2459.298828
979.000000	-3851.963135	2469.943604
980.000000	-3844.488525	2480.208008
981.000000	-3835.768066	2491.613037
982.000000	-3829.539062	2502.637939
983.000000	-3823.310059	2513.662598
984.000000	-3813.343994	2524.307373
985.000000	-3805.869141	2534.571777
986.000000	-3797.148682	2543.695801
987.000000	-3789.674072	2552.439697
988.000000	-3780.953613	2561.943848
989.000000	-3773.478760	2571.067871
990.000000	-3767.250000	2582.092773
991.000000	-3762.266846	2592.357178
992.000000	-3759.775146	2603.762207
993.000000	-3758.529541	2615.547363
994.000000	-3758.529541	2627.712646
995.000000	-3759.775146	2641.018555
996.000000	-3762.266846	2654.324463
997.000000	-3764.758301	2667.250000
998.000000	-3767.250000	2681.316162
999.000000	-3769.741455	2694.622070
1000.000000	-3772.233154	2707.927979
1001.000000	-3773.478760	2721.994141
1002.000000	-3774.724609	2735.680176
1003.000000	-3777.216064	2749.365967
1004.000000	-3778.461914	2762.291748
1005.000000	-3779.707764	2775.597656
1006.000000	-3779.707764	2788.903320
1007.000000	-3778.461914	2802.589355
1008.000000	-3774.724609	2816.275391
1009.000000	-3770.987305	2830.721680
1010.000000	-3767.250000	2845.168213
1011.000000	-3764.758301	2860.374756
1012.000000	-3762.266846	2874.821045
1013.000000	-3757.283691	2888.126953
1014.000000	-3754.791992	2899.531982
1015.000000	-3752.300537	2908.656006
1016.000000	-3752.300537	2915.499023
1017.000000	-3749.808838	2921.201416
1018.000000	-3749.808838	2926.523682
1019.000000	-3747.317383	2931.085693
1020.000000	-3746.071533	2934.887451
1021.000000	-3746.071533	2937.168457
1022.000000	-3744.825684	2939.449463
1023.000000	-3744.825684	2940.589844
1024.000000	-3744.825684	2941.730469
1025.000000	-3744.825684	2942.110596
1026.000000	-3744.825684	2942.490723
1027.000000	-3744.825684	2942.490723
1028.000000	-3744.825684	2942.490723
1029.000000	-3744.825684	2942.490723
1030.000000	-3744.825684	2942.490723
1031.000000	-3744.825684	2942.490723
1032.000000	-3744.825684	2942.490723
1033.000000	-3744.825684	2942.490723
1034.000000	-3744.825684	2942.490723
1035.000000	-3744.825684	2942.490723
1036.000000	-3744.825684	2942.490723
1037.000000	-8717375.000000	3895261.250000
1038.000000	-8717378.000000	3895261.250000
1039.000000	-8717382.000000	3895261.250000
1040.000000	-8717385.000000	3895261.250000
1041.000000	-8717388.000000	3895261.250000
1042.000000	-8717391.000000	3895261.250000
1043.000000	-8717394.000000	3895261.250000
1044.000000	-8717398.000000	3895261.250000
1045.000000	-8717401.000000	3895261.250000
1046.000000	-8717405.000000	3895261.250000
1047.000000	-8717408.000000	3895261.250000
1048.000000	-8717412.000000	3895261.250000
1049.000000	-8717416.000000	3895261.250000
1050.000000	-8717419.000000	3895261.250000
1051.000000	-8717423.000000	3895261.250000
1052.000000	-8717427.000000	3895261.250000
1053.000000	-8717431.000000	3895261.250000
1054.000000	-8717435.000000	3895261.250000
1055.000000	-8717439.000000	3895261.250000
1056.000000	-8717442.000000	3895261.250000
1057.000000	-8717445.000000	3895261.250000
1058.000000	-8717448.000000	3895261.250000
1059.000000	-8717452.000000	3895261.250000
1060.000000	-8717455.000000	3895261.250000
1061.000000	-8717458.000000	3895261.250000
1062.000000	-8717461.000000	3895261.250000
1063.000000	-8717465.000000	3895261.250000
1064.000000	-8717469.000000	3895261.250000
1065.000000	-8717473.000000	3895261.250000
1066.000000	-8717477.000000	3895261.250000
1067.000000	-8717482.000000	3895261.250000
1068.000000	-8717489.000000	3895261.250000
1069.000000	-8717495.000000	3895261.250000
1070.000000	-8717502.000000	3895261.250000
1071.000000	-8717509.000000	3895261.250000
1072.000000	-8717516.000000	3895261.250000
1073.000000	-8717523.000000	3895261.250000
1074.000000	-8717527.000000	3895261.250000
1075.000000	-8717531.000000	3895261.250000
1076.000000	-8717534.000000	3895261.250000
1077.000000	-8717535.000000	3895261.250000
1078.000000	-8717536.000000	3895261.250000
1079.000000	-8717536.000000	3895261.250000
