0.000000	0.000000	0.000000
1.000000	-15.206671	-4.181834
2.000000	-30.413342	-8.363668
3.000000	-45.620010	-13.305837
4.000000	-59.306015	-18.248005
5.000000	-72.992020	-23.190172
6.000000	-88.198692	-27.752174
7.000000	-101.884697	-32.694344
8.000000	-115.570694	-37.256344
9.000000	-129.256699	-41.818344
10.000000	-142.942703	-47.140678
11.000000	-156.628708	-51.702682
12.000000	-167.273376	-56.644848
13.000000	-182.480042	-61.967182
14.000000	-194.645386	-66.909348
15.000000	-211.372726	-72.231689
16.000000	-223.538055	-77.554024
17.000000	-238.744736	-83.256523
18.000000	-250.910065	-88.578857
19.000000	-264.596069	-94.281357
20.000000	-278.282074	-100.364029
21.000000	-290.447418	-106.446693
22.000000	-302.612762	-111.769028
23.000000	-316.298767	-117.471535
24.000000	-329.984741	-122.033531
25.000000	-342.150085	-126.595535
26.000000	-357.356750	-130.777374
27.000000	-369.522095	-136.860031
28.000000	-381.687439	-141.802200
29.000000	-396.894104	-145.984039
30.000000	-412.100769	-151.306381
31.000000	-428.828125	-156.248535
32.000000	-444.034790	-162.331207
33.000000	-459.241455	-168.033707
34.000000	-475.968781	-174.876709
35.000000	-491.175476	-182.480042
36.000000	-504.861481	-191.984222
37.000000	-515.506165	-201.868561
38.000000	-526.150818	-212.133057
39.000000	-535.274780	-222.777725
40.000000	-545.919495	-233.042236
41.000000	-556.564148	-242.166229
42.000000	-567.208801	-249.389404
43.000000	-579.374146	-255.472076
44.000000	-590.018799	-259.653900
45.000000	-602.184143	-261.174561
46.000000	-612.828857	-261.554749
47.000000	-623.473511	-261.554749
48.000000	-634.118164	-260.794403
49.000000	-643.242188	-259.653900
50.000000	-649.324829	-258.513397
51.000000	-655.407532	-257.753082
52.000000	-658.448853	-256.992737
53.000000	-661.490173	-256.612579
54.000000	-664.531494	-256.612579
55.000000	-666.052185	-255.852234
56.000000	-667.572876	-255.852234
57.000000	-667.572876	-255.852234
58.000000	-667.572876	-255.852234
59.000000	-667.572876	-255.852234
60.000000	-667.572876	-255.852234
61.000000	-667.572876	-255.472076
62.000000	-667.572876	-255.472076
63.000000	-667.572876	-255.472076
64.000000	-667.572876	-255.472076
65.000000	-667.572876	-255.472076
66.000000	-667.572876	-255.472076
67.000000	-667.572876	-255.472076
68.000000	-667.572876	-255.472076
69.000000	-667.572876	-255.472076
70.000000	-667.572876	-255.472076
71.000000	-667.572876	-255.472076
72.000000	-667.572876	-255.472076
73.000000	-669.093506	-255.091904
74.000000	-670.614197	-255.091904
75.000000	-672.134827	-254.711731
76.000000	-672.134827	-254.711731
77.000000	-673.655518	-254.711731
78.000000	-673.655518	-254.711731
79.000000	-673.655518	-254.331573
80.000000	-673.655518	-254.331573
81.000000	-673.655518	-254.331573
82.000000	-673.655518	-254.331573
83.000000	-673.655518	-254.331573
84.000000	-673.655518	-254.331573
85.000000	-678.217529	-253.951401
86.000000	-679.738159	-253.571228
87.000000	-682.779541	-253.571228
88.000000	-684.300171	-253.191071
89.000000	-685.820862	-252.430740
90.000000	-690.382874	-252.430740
91.000000	-691.903503	-252.430740
92.000000	-694.944824	-251.670395
93.000000	-697.986206	-251.290237
94.000000	-702.548218	-250.529907
95.000000	-705.589539	-250.149734
96.000000	-708.630859	-250.149734
97.000000	-710.151550	-249.389404
98.000000	-710.151550	-249.389404
99.000000	-711.672180	-249.389404
100.000000	-713.192871	-249.389404
101.000000	-713.192871	-249.389404
102.000000	-714.713501	-248.629074
103.000000	-717.754883	-248.629074
104.000000	-717.754883	-248.629074
105.000000	-720.796204	-247.868729
106.000000	-723.837524	-247.868729
107.000000	-725.358215	-247.488571
108.000000	-726.878845	-247.488571
109.000000	-728.399536	-247.108398
110.000000	-729.920166	-247.108398
111.000000	-729.920166	-247.108398
112.000000	-732.961548	-247.108398
113.000000	-732.961548	-247.108398
114.000000	-732.961548	-246.728226
115.000000	-732.961548	-246.728226
116.000000	-732.961548	-246.728226
117.000000	-732.961548	-246.728226
118.000000	-732.961548	-246.728226
119.000000	-732.961548	-246.728226
120.000000	-732.961548	-246.728226
121.000000	-732.961548	-246.728226
122.000000	-732.961548	-246.728226
123.000000	-732.961548	-246.728226
124.000000	-732.961548	-246.728226
125.000000	-732.961548	-246.728226
126.000000	-732.961548	-246.728226
127.000000	-732.961548	-246.728226
128.000000	-732.961548	-246.728226
129.000000	-732.961548	-246.728226
130.000000	-732.961548	-246.728226
131.000000	-732.961548	-246.728226
132.000000	-736.002869	-246.348068
133.000000	-736.002869	-246.348068
134.000000	-736.002869	-246.348068
135.000000	-736.002869	-246.348068
136.000000	-737.523560	-246.348068
137.000000	-737.523560	-246.348068
138.000000	-739.044189	-245.587738
139.000000	-740.564880	-245.587738
140.000000	-742.085510	-245.587738
141.000000	-745.126892	-245.587738
142.000000	-745.126892	-244.827393
143.000000	-748.168213	-244.827393
144.000000	-749.688843	-244.827393
145.000000	-749.688843	-244.827393
146.000000	-749.688843	-244.827393
147.000000	-749.688843	-244.827393
148.000000	-749.688843	-244.827393
149.000000	-751.209534	-244.827393
150.000000	-752.730225	-244.067062
151.000000	-754.250854	-243.686905
152.000000	-755.771545	-243.686905
153.000000	-757.292175	-243.306732
154.000000	-758.812866	-243.306732
155.000000	-761.854187	-242.926559
156.000000	-764.895569	-242.546402
157.000000	-766.416199	-242.546402
158.000000	-767.936890	-242.546402
159.000000	-770.978210	-242.166229
160.000000	-774.019531	-242.166229
161.000000	-774.019531	-241.786072
162.000000	-777.060852	-241.786072
163.000000	-777.060852	-241.025726
164.000000	-777.060852	-241.025726
165.000000	-780.102234	-241.025726
