0.000000	0.000000	0.000000
1.000000	4.182914	12.458077
2.000000	8.363669	24.915792
3.000000	13.305837	37.373505
4.000000	18.248005	48.585552
5.000000	23.190172	59.797615
6.000000	27.752174	72.255440
7.000000	32.694344	83.467499
8.000000	37.256344	94.679558
9.000000	41.818344	105.891632
10.000000	47.140678	117.103706
11.000000	51.702682	128.315720
12.000000	56.644848	137.036209
13.000000	61.967182	149.494080
14.000000	66.909355	159.460312
15.000000	72.231689	173.163925
16.000000	77.554024	183.130219
17.000000	83.256523	195.588043
18.000000	88.578857	205.554337
19.000000	94.281410	216.766373
20.000000	100.364029	227.978409
21.000000	106.446693	237.944687
22.000000	111.769028	247.910965
23.000000	117.471535	259.123016
24.000000	122.033531	270.335052
25.000000	126.595535	280.301331
26.000000	130.777374	292.759186
27.000000	136.860031	302.725433
28.000000	141.802200	312.691742
29.000000	145.984039	325.149567
30.000000	151.306396	337.607391
31.000000	156.248535	351.311005
32.000000	162.331238	363.768860
33.000000	168.033707	376.226685
34.000000	174.876709	389.930328
35.000000	182.480057	402.388153
36.000000	191.984222	413.600189
37.000000	201.868561	422.320679
38.000000	212.133057	431.041168
39.000000	222.777725	438.515869
40.000000	233.042236	447.236359
41.000000	242.166229	455.956848
42.000000	249.389404	464.677338
43.000000	255.472076	474.643585
44.000000	259.653900	483.364075
45.000000	261.174561	493.330353
46.000000	261.554749	502.050842
47.000000	261.554749	510.771332
48.000000	260.794403	519.491821
49.000000	259.653900	526.966492
50.000000	258.513397	531.949646
51.000000	257.753082	536.932800
52.000000	256.992737	539.424316
53.000000	256.612579	541.915894
54.000000	256.612579	544.407471
55.000000	255.852234	545.653259
56.000000	255.852234	546.899048
57.000000	255.852234	546.899048
58.000000	255.852234	546.899048
59.000000	255.852234	546.899048
60.000000	255.852234	546.899048
61.000000	255.472076	546.899048
62.000000	255.472076	546.899048
63.000000	255.472076	546.899048
64.000000	255.472076	546.899048
65.000000	255.472076	546.899048
66.000000	255.472076	546.899048
67.000000	255.472076	546.899048
68.000000	255.472076	546.899048
69.000000	255.472076	546.899048
70.000000	255.472076	546.899048
71.000000	255.472076	546.899048
72.000000	255.472076	546.899048
73.000000	255.091919	548.144836
74.000000	255.091919	549.390625
75.000000	254.711731	550.636414
76.000000	254.711731	550.636414
77.000000	254.711731	551.882202
78.000000	254.711731	551.882202
79.000000	254.331573	551.882202
80.000000	254.331573	551.882202
81.000000	254.331573	551.882202
82.000000	254.331573	551.882202
83.000000	254.331573	551.882202
84.000000	254.331573	551.882202
85.000000	253.951401	555.619507
86.000000	253.571228	556.865356
87.000000	253.571228	559.356873
88.000000	253.191071	560.602661
89.000000	252.430740	561.848450
90.000000	252.430740	565.585815
91.000000	252.430740	566.831604
92.000000	251.670395	569.323181
93.000000	251.290237	571.814697
94.000000	250.529907	575.552063
95.000000	250.149734	578.043640
96.000000	250.149734	580.535217
97.000000	249.389404	581.781006
98.000000	249.389404	581.781006
99.000000	249.389404	583.026794
100.000000	249.389404	584.272583
101.000000	249.389404	584.272583
102.000000	248.629074	585.518372
103.000000	248.629074	588.009888
104.000000	248.629074	588.009888
105.000000	247.868729	590.501465
106.000000	247.868729	592.993042
107.000000	247.488571	594.238831
108.000000	247.488571	595.484619
109.000000	247.108398	596.730408
110.000000	247.108398	597.976196
111.000000	247.108398	597.976196
112.000000	247.108398	600.467773
113.000000	247.108398	600.467773
114.000000	246.728226	600.467773
115.000000	246.728226	600.467773
116.000000	246.728226	600.467773
117.000000	246.728226	600.467773
118.000000	246.728226	600.467773
119.000000	246.728226	600.467773
120.000000	246.728226	600.467773
121.000000	246.728226	600.467773
122.000000	246.728226	600.467773
123.000000	246.728226	600.467773
124.000000	246.728226	600.467773
125.000000	246.728226	600.467773
126.000000	246.728226	600.467773
127.000000	246.728226	600.467773
128.000000	246.728226	600.467773
129.000000	246.728226	600.467773
130.000000	246.728226	600.467773
131.000000	246.728226	600.467773
132.000000	246.348068	602.959290
133.000000	246.348068	602.959290
134.000000	246.348068	602.959290
135.000000	246.348068	602.959290
136.000000	246.348068	604.205078
137.000000	246.348068	604.205078
138.000000	245.587738	605.450867
139.000000	245.587738	606.696655
140.000000	245.587738	607.942444
141.000000	245.587738	610.434021
142.000000	244.827393	610.434021
143.000000	244.827393	612.925598
144.000000	244.827393	614.171387
145.000000	244.827393	614.171387
146.000000	244.827393	614.171387
147.000000	244.827393	614.171387
148.000000	244.827393	614.171387
149.000000	244.827393	615.417175
150.000000	244.067062	616.662964
151.000000	243.686905	617.908691
152.000000	243.686905	619.154480
153.000000	243.306732	620.400269
154.000000	243.306732	621.646057
155.000000	242.926559	624.137634
156.000000	242.546402	626.629211
157.000000	242.546402	627.875000
158.000000	242.546402	629.120789
159.000000	242.166229	631.612366
160.000000	242.166229	634.103882
161.000000	241.786072	634.103882
162.000000	241.786072	636.595459
163.000000	241.025757	636.595459
164.000000	241.025757	636.595459
165.000000	241.025757	639.087036
166.000000	240.645569	639.087036
167.000000	240.645569	640.332825
168.000000	240.645569	640.332825
169.000000	240.645569	640.332825
170.000000	240.645569	640.332825
171.000000	240.645569	640.332825
172.000000	240.645569	640.332825
173.000000	240.645569	640.332825
174.000000	240.645569	640.332825
175.000000	240.645569	640.332825
176.000000	240.645569	640.332825
177.000000	240.645569	640.332825
178.000000	240.645569	640.332825
179.000000	240.645569	640.332825
180.000000	240.645569	640.332825
181.000000	240.645569	640.332825
182.000000	240.645569	640.332825
183.000000	240.645569	640.332825
184.000000	240.645569	640.332825
185.000000	240.645569	640.332825
186.000000	240.645569	640.332825
187.000000	240.645569	640.332825
188.000000	240.645569	640.332825
189.000000	240.645569	640.332825
190.000000	240.645569	640.332825
191.000000	240.645569	640.332825
192.000000	240.645569	640.332825
193.000000	240.645569	640.332825
194.000000	240.645569	640.332825
195.000000	240.645569	640.332825
196.000000	240.645569	640.332825
197.000000	240.645569	640.332825
198.000000	240.645569	640.332825
199.000000	240.645569	640.332825
200.000000	240.645569	640.332825
201.000000	240.645569	640.332825
202.000000	240.645569	640.332825
203.000000	240.645569	641.578613
204.000000	240.645569	641.578613
205.000000	240.265396	644.070190
206.000000	240.265396	646.561768
207.000000	239.885239	646.561768
208.000000	239.885239	649.053345
209.000000	239.505066	649.053345
210.000000	239.124893	652.790649
211.000000	239.124893	654.036438
212.000000	238.744736	656.528015
213.000000	238.364563	661.511169
214.000000	237.224060	664.002686
215.000000	236.843903	666.494263
216.000000	236.083557	668.985840
217.000000	235.323227	673.968994
218.000000	233.802567	677.706360
219.000000	233.422394	680.197937
220.000000	233.042236	682.689453
221.000000	232.662064	685.181030
222.000000	232.281891	687.672607
223.000000	231.521561	690.164185
224.000000	231.521561	691.409973
225.000000	231.521561	692.655762
226.000000	231.521561	695.147278
227.000000	230.761230	695.147278
228.000000	230.761230	697.638855
229.000000	230.761230	701.376221
230.000000	230.000900	703.867798
231.000000	230.000900	705.113586
232.000000	230.000900	707.605164
