0.000000	-0.000000	0.000000	-44.849079	15.058491	47.309597
1.000000	-12.458077	4.182914	-44.847775	15.050718	47.305885
2.000000	-24.915792	8.363669	-44.847767	17.791803	48.248009
3.000000	-37.373505	13.305837	-40.363373	17.791805	44.110661
4.000000	-48.585552	18.248005	-40.363426	17.791803	44.110706
5.000000	-59.797615	23.190172	-44.848167	16.423206	47.760651
6.000000	-72.255440	27.752174	-40.363415	17.791809	44.110699
7.000000	-83.467499	32.694344	-40.363415	16.423201	43.576675
8.000000	-94.679558	37.256344	-40.363468	16.423201	43.576729
9.000000	-105.891632	41.818344	-40.363468	19.160404	44.680317
10.000000	-117.103706	47.140678	-40.363247	16.423214	43.576527
11.000000	-128.315720	51.702682	-31.393763	17.791796	36.084850
12.000000	-137.036209	56.644848	-44.848331	19.160404	48.769806
13.000000	-149.494080	61.967182	-35.878437	17.791822	40.047611
14.000000	-159.460312	66.909355	-49.333008	19.160404	52.923214
15.000000	-173.163925	72.231689	-35.878654	19.160404	40.674301
16.000000	-183.130219	77.554024	-44.848167	20.528997	49.323402
17.000000	-195.588043	83.256523	-35.878654	19.160404	40.674301
18.000000	-205.554337	88.578857	-40.363327	20.529190	45.284058
19.000000	-216.766373	94.281410	-40.363327	21.897429	45.920536
20.000000	-227.978409	100.364029	-35.878601	21.897593	42.033066
21.000000	-237.944687	106.446693	-35.878601	19.160404	40.674255
22.000000	-247.910965	111.769028	-40.363388	20.529026	45.284039
23.000000	-259.123016	117.471535	-40.363327	16.423187	43.576591
24.000000	-270.335052	122.033531	-35.878601	16.423214	39.458790
25.000000	-280.301331	126.595535	-44.848278	15.054620	47.307606
26.000000	-292.759186	130.777374	-35.878490	21.897564	42.032955
27.000000	-302.725433	136.860031	-35.878712	17.791809	40.047852
28.000000	-312.691742	141.802200	-44.848167	15.054620	47.307503
29.000000	-325.149567	145.984039	-44.848167	19.160486	48.769688
30.000000	-337.607391	151.306396	-49.333008	17.791698	52.443207
31.000000	-351.311005	156.248535	-44.848278	21.897730	49.908703
32.000000	-363.768860	162.331238	-44.848167	20.528889	49.323357
33.000000	-376.226685	168.033707	-49.333118	24.634809	55.141911
34.000000	-389.930328	174.876709	-44.848167	27.372053	52.541294
35.000000	-402.388153	182.480057	-40.363327	34.214996	52.913742
36.000000	-413.600189	191.984222	-31.393763	35.583618	47.452736
37.000000	-422.320679	201.868561	-31.393763	36.952183	48.487446
38.000000	-431.041168	212.133057	-26.908924	38.320808	46.824936
39.000000	-438.515869	222.777725	-31.393763	36.952240	48.487488
40.000000	-447.236359	233.042236	-31.393763	32.846375	45.436249
41.000000	-455.956848	242.166229	-31.393763	26.003429	40.764526
42.000000	-464.677338	249.389404	-35.878490	21.897619	42.032986
43.000000	-474.643585	255.472076	-31.393763	15.054565	34.816780
44.000000	-483.364075	259.653900	-35.878601	5.474378	36.293842
45.000000	-493.330353	261.174561	-31.393763	1.368677	31.423584
46.000000	-502.050842	261.554749	-31.393763	0.000000	31.393763
47.000000	-510.771332	261.554749	-31.393763	-2.737244	31.512869
48.000000	-519.491821	260.794403	-26.908812	-4.105811	27.220247
49.000000	-526.966492	259.653900	-17.939356	-4.105811	18.403210
50.000000	-531.949646	258.513397	-17.939356	-2.737134	18.146967
51.000000	-536.932800	257.753082	-8.969458	-2.737244	9.377829
52.000000	-539.424316	256.992737	-8.969678	-1.368567	9.073483
53.000000	-541.915894	256.612579	-8.969678	0.000000	8.969678
54.000000	-544.407471	256.612579	-4.484839	-2.737244	5.254168
55.000000	-545.653259	255.852234	-4.484839	0.000000	4.484839
56.000000	-546.899048	255.852234	0.000000	0.000000	0.000000
57.000000	-546.899048	255.852234	0.000000	0.000000	0.000000
58.000000	-546.899048	255.852234	0.000000	0.000000	0.000000
59.000000	-546.899048	255.852234	0.000000	0.000000	0.000000
60.000000	-546.899048	255.852234	0.000000	-1.368567	1.368567
61.000000	-546.899048	255.472076	0.000000	0.000000	0.000000
62.000000	-546.899048	255.472076	0.000000	0.000000	0.000000
63.000000	-546.899048	255.472076	0.000000	0.000000	0.000000
64.000000	-546.899048	255.472076	0.000000	0.000000	0.000000
65.000000	-546.899048	255.472076	0.000000	0.000000	0.000000
66.000000	-546.899048	255.472076	0.000000	0.000000	0.000000
67.000000	-546.899048	255.472076	0.000000	0.000000	0.000000
68.000000	-546.899048	255.472076	0.000000	0.000000	0.000000
69.000000	-546.899048	255.472076	0.000000	0.000000	0.000000
70.000000	-546.899048	255.472076	0.000000	0.000000	0.000000
71.000000	-546.899048	255.472076	0.000000	0.000000	0.000000
72.000000	-546.899048	255.472076	-4.484839	-1.368567	4.689003
73.000000	-548.144836	255.091919	-4.484839	0.000000	4.484839
74.000000	-549.390625	255.091919	-4.484839	-1.368677	4.689036
75.000000	-550.636414	254.711731	0.000000	0.000000	0.000000
76.000000	-550.636414	254.711731	-4.484839	0.000000	4.484839
77.000000	-551.882202	254.711731	0.000000	0.000000	0.000000
78.000000	-551.882202	254.711731	0.000000	-1.368567	1.368567
79.000000	-551.882202	254.331573	0.000000	0.000000	0.000000
80.000000	-551.882202	254.331573	0.000000	0.000000	0.000000
81.000000	-551.882202	254.331573	0.000000	0.000000	0.000000
82.000000	-551.882202	254.331573	0.000000	0.000000	0.000000
83.000000	-551.882202	254.331573	0.000000	0.000000	0.000000
84.000000	-551.882202	254.331573	-13.454297	-1.368622	13.523728
85.000000	-555.619507	253.951401	-4.485059	-1.368622	4.689230
86.000000	-556.865356	253.571228	-8.969458	0.000000	8.969458
87.000000	-559.356873	253.571228	-4.484839	-1.368567	4.689003
88.000000	-560.602661	253.191071	-4.484839	-2.737189	5.254140
89.000000	-561.848450	252.430740	-13.454516	0.000000	13.454516
90.000000	-565.585815	252.430740	-4.484839	0.000000	4.484839
91.000000	-566.831604	252.430740	-8.969678	-2.737244	9.378039
92.000000	-569.323181	251.670395	-8.969458	-1.368567	9.073266
93.000000	-571.814697	251.290237	-13.454516	-2.737189	13.730121
94.000000	-575.552063	250.529907	-8.969678	-1.368622	9.073491
95.000000	-578.043640	250.149734	-8.969678	0.000000	8.969678
96.000000	-580.535217	250.149734	-4.484839	-2.737189	5.254140
97.000000	-581.781006	249.389404	0.000000	0.000000	0.000000
98.000000	-581.781006	249.389404	-4.484839	0.000000	4.484839
99.000000	-583.026794	249.389404	-4.484839	0.000000	4.484839
100.000000	-584.272583	249.389404	0.000000	0.000000	0.000000
101.000000	-584.272583	249.389404	-4.484839	-2.737189	5.254140
102.000000	-585.518372	248.629074	-8.969458	0.000000	8.969458
103.000000	-588.009888	248.629074	0.000000	0.000000	0.000000
104.000000	-588.009888	248.629074	-8.969678	-2.737244	9.378039
105.000000	-590.501465	247.868729	-8.969678	0.000000	8.969678
106.000000	-592.993042	247.868729	-4.484839	-1.368567	4.689003
107.000000	-594.238831	247.488571	-4.484839	0.000000	4.484839
108.000000	-595.484619	247.488571	-4.484839	-1.368622	4.689020
109.000000	-596.730408	247.108398	-4.484839	0.000000	4.484839
110.000000	-597.976196	247.108398	0.000000	0.000000	0.000000
111.000000	-597.976196	247.108398	-8.969678	0.000000	8.969678
112.000000	-600.467773	247.108398	0.000000	0.000000	0.000000
113.000000	-600.467773	247.108398	0.000000	-1.368622	1.368622
114.000000	-600.467773	246.728226	0.000000	0.000000	0.000000
115.000000	-600.467773	246.728226	0.000000	0.000000	0.000000
116.000000	-600.467773	246.728226	0.000000	0.000000	0.000000
117.000000	-600.467773	246.728226	0.000000	0.000000	0.000000
118.000000	-600.467773	246.728226	0.000000	0.000000	0.000000
119.000000	-600.467773	246.728226	0.000000	0.000000	0.000000
120.000000	-600.467773	246.728226	0.000000	0.000000	0.000000
121.000000	-600.467773	246.728226	0.000000	0.000000	0.000000
122.000000	-600.467773	246.728226	0.000000	0.000000	0.000000
123.000000	-600.467773	246.728226	0.000000	0.000000	0.000000
124.000000	-600.467773	246.728226	0.000000	0.000000	0.000000
125.000000	-600.467773	246.728226	0.000000	0.000000	0.000000
126.000000	-600.467773	246.728226	0.000000	0.000000	0.000000
127.000000	-600.467773	246.728226	0.000000	0.000000	0.000000
128.000000	-600.467773	246.728226	0.000000	0.000000	0.000000
129.000000	-600.467773	246.728226	0.000000	0.000000	0.000000
130.000000	-600.467773	246.728226	0.000000	0.000000	0.000000
131.000000	-600.467773	246.728226	-8.969458	-1.368567	9.073266
132.000000	-602.959290	246.348068	0.000000	0.000000	0.000000
133.000000	-602.959290	246.348068	0.000000	0.000000	0.000000
134.000000	-602.959290	246.348068	0.000000	0.000000	0.000000
135.000000	-602.959290	246.348068	-4.484839	0.000000	4.484839
136.000000	-604.205078	246.348068	0.000000	0.000000	0.000000
137.000000	-604.205078	246.348068	-4.484839	-2.737189	5.254140
138.000000	-605.450867	245.587738	-4.484839	0.000000	4.484839
139.000000	-606.696655	245.587738	-4.484839	0.000000	4.484839
140.000000	-607.942444	245.587738	-8.969678	0.000000	8.969678
141.000000	-610.434021	245.587738	0.000000	-2.737244	2.737244
142.000000	-610.434021	244.827393	-8.969678	0.000000	8.969678
143.000000	-612.925598	244.827393	-4.484839	0.000000	4.484839
144.000000	-614.171387	244.827393	0.000000	0.000000	0.000000
145.000000	-614.171387	244.827393	0.000000	0.000000	0.000000
146.000000	-614.171387	244.827393	0.000000	0.000000	0.000000
147.000000	-614.171387	244.827393	0.000000	0.000000	0.000000
148.000000	-614.171387	244.827393	-4.484839	0.000000	4.484839
149.000000	-615.417175	244.827393	-4.484839	-2.737189	5.254140
150.000000	-616.662964	244.067062	-4.484619	-1.368567	4.688793
151.000000	-617.908691	243.686905	-4.484839	0.000000	4.484839
152.000000	-619.154480	243.686905	-4.484839	-1.368622	4.689020
153.000000	-620.400269	243.306732	-4.484839	0.000000	4.484839
154.000000	-621.646057	243.306732	-8.969678	-1.368622	9.073491
155.000000	-624.137634	242.926559	-8.969678	-1.368567	9.073483
156.000000	-626.629211	242.546402	-4.484839	0.000000	4.484839
157.000000	-627.875000	242.546402	-4.484839	0.000000	4.484839
158.000000	-629.120789	242.546402	-8.969678	-1.368622	9.073491
159.000000	-631.612366	242.166229	-8.969458	0.000000	8.969458
160.000000	-634.103882	242.166229	0.000000	-1.368567	1.368567
161.000000	-634.103882	241.786072	-8.969678	0.000000	8.969678
162.000000	-636.595459	241.786072	0.000000	-2.737134	2.737134
163.000000	-636.595459	241.025757	0.000000	0.000000	0.000000
164.000000	-636.595459	241.025757	-8.969678	0.000000	8.969678
165.000000	-639.087036	241.025757	0.000000	-1.368677	1.368677
166.000000	-639.087036	240.645569	-4.484839	0.000000	4.484839
167.000000	-640.332825	240.645569	0.000000	0.000000	0.000000
168.000000	-640.332825	240.645569	0.000000	0.000000	0.000000
169.000000	-640.332825	240.645569	0.000000	0.000000	0.000000
170.000000	-640.332825	240.645569	0.000000	0.000000	0.000000
171.000000	-640.332825	240.645569	0.000000	0.000000	0.000000
172.000000	-640.332825	240.645569	0.000000	0.000000	0.000000
173.000000	-640.332825	240.645569	0.000000	0.000000	0.000000
174.000000	-640.332825	240.645569	0.000000	0.000000	0.000000
175.000000	-640.332825	240.645569	0.000000	0.000000	0.000000
176.000000	-640.332825	240.645569	0.000000	0.000000	0.000000
177.000000	-640.332825	240.645569	0.000000	0.000000	0.000000
178.000000	-640.332825	240.645569	0.000000	0.000000	0.000000
179.000000	-640.332825	240.645569	0.000000	0.000000	0.000000
180.000000	-640.332825	240.645569	0.000000	0.000000	0.000000
181.000000	-640.332825	240.645569	0.000000	0.000000	0.000000
182.000000	-640.332825	240.645569	0.000000	0.000000	0.000000
183.000000	-640.332825	240.645569	0.000000	0.000000	0.000000
184.000000	-640.332825	240.645569	0.000000	0.000000	0.000000
185.000000	-640.332825	240.645569	0.000000	0.000000	0.000000
186.000000	-640.332825	240.645569	0.000000	0.000000	0.000000
187.000000	-640.332825	240.645569	0.000000	0.000000	0.000000
188.000000	-640.332825	240.645569	0.000000	0.000000	0.000000
189.000000	-640.332825	240.645569	0.000000	0.000000	0.000000
190.000000	-640.332825	240.645569	0.000000	0.000000	0.000000
191.000000	-640.332825	240.645569	0.000000	0.000000	0.000000
192.000000	-640.332825	240.645569	0.000000	0.000000	0.000000
193.000000	-640.332825	240.645569	0.000000	0.000000	0.000000
194.000000	-640.332825	240.645569	0.000000	0.000000	0.000000
195.000000	-640.332825	240.645569	0.000000	0.000000	0.000000
196.000000	-640.332825	240.645569	0.000000	0.000000	0.000000
197.000000	-640.332825	240.645569	0.000000	0.000000	0.000000
198.000000	-640.332825	240.645569	0.000000	0.000000	0.000000
199.000000	-640.332825	240.645569	0.000000	0.000000	0.000000
200.000000	-640.332825	240.645569	0.000000	0.000000	0.000000
201.000000	-640.332825	240.645569	0.000000	0.000000	0.000000
202.000000	-640.332825	240.645569	-4.484839	0.000000	4.484839
203.000000	-641.578613	240.645569	0.000000	0.000000	0.000000
204.000000	-641.578613	240.645569	-8.969678	-1.368622	9.073491
205.000000	-644.070190	240.265396	-8.969678	0.000000	8.969678
206.000000	-646.561768	240.265396	0.000000	-1.368567	1.368567
207.000000	-646.561768	239.885239	-8.969678	0.000000	8.969678
208.000000	-649.053345	239.885239	0.000000	-1.368622	1.368622
209.000000	-649.053345	239.505066	-13.454297	-1.368622	13.523728
210.000000	-652.790649	239.124893	-4.484839	0.000000	4.484839
211.000000	-654.036438	239.124893	-8.969678	-1.368567	9.073483
212.000000	-656.528015	238.744736	-17.939356	-1.368622	17.991488
213.000000	-661.511169	238.364563	-8.969458	-4.105811	9.864525
214.000000	-664.002686	237.224060	-8.969678	-1.368567	9.073483
215.000000	-666.494263	236.843903	-8.969678	-2.737244	9.378039
216.000000	-668.985840	236.083557	-17.939356	-2.737189	18.146975
217.000000	-673.968994	235.323227	-13.454516	-5.474378	14.525592
218.000000	-677.706360	233.802567	-8.969678	-1.368622	9.073491
219.000000	-680.197937	233.422394	-8.969458	-1.368567	9.073266
220.000000	-682.689453	233.042236	-8.969678	-1.368622	9.073491
221.000000	-685.181030	232.662064	-8.969678	-1.368622	9.073491
222.000000	-687.672607	232.281891	-8.969678	-2.737189	9.378023
223.000000	-690.164185	231.521561	-4.484839	0.000000	4.484839
224.000000	-691.409973	231.521561	-4.484839	0.000000	4.484839
225.000000	-692.655762	231.521561	-8.969458	0.000000	8.969458
226.000000	-695.147278	231.521561	0.000000	-2.737189	2.737189
227.000000	-695.147278	230.761230	-8.969678	0.000000	8.969678
228.000000	-697.638855	230.761230	-13.454516	0.000000	13.454516
229.000000	-701.376221	230.761230	-8.969678	-2.737189	9.378023
230.000000	-703.867798	230.000900	-4.484839	0.000000	4.484839
231.000000	-705.113586	230.000900	-8.969678	0.000000	8.969678
232.000000	-707.605164	230.000900	-8.969678	0.000000	8.969678
233.000000	-710.096741	230.000900	0.000000	0.000000	0.000000
234.000000	-710.096741	230.000900	-8.969458	0.000000	8.969458
235.000000	-712.588257	230.000900	-4.484839	0.000000	4.484839
236.000000	-713.834045	230.000900	-8.969678	0.000000	8.969678
237.000000	-716.325623	230.000900	-13.454516	-2.737134	13.730110
238.000000	-720.062988	229.240585	0.000000	0.000000	0.000000
239.000000	-720.062988	229.240585	-13.454516	0.000000	13.454516
240.000000	-723.800354	229.240585	-8.969678	0.000000	8.969678
241.000000	-726.291931	229.240585	-4.484839	0.000000	4.484839
242.000000	-727.537720	229.240585	-4.484619	0.000000	4.484619
243.000000	-728.783447	229.240585	-4.484839	0.000000	4.484839
244.000000	-730.029236	229.240585	-8.969678	0.000000	8.969678
245.000000	-732.520813	229.240585	0.000000	-1.368677	1.368677
246.000000	-732.520813	228.860397	-4.484839	0.000000	4.484839
247.000000	-733.766602	228.860397	-4.484839	0.000000	4.484839
248.000000	-735.012390	228.860397	-4.484839	0.000000	4.484839
249.000000	-736.258179	228.860397	-4.484839	0.000000	4.484839
250.000000	-737.503967	228.860397	-8.969678	0.000000	8.969678
251.000000	-739.995544	228.860397	-4.484839	0.000000	4.484839
252.000000	-741.241333	228.860397	-8.969458	0.000000	8.969458
253.000000	-743.732849	228.860397	0.000000	-1.368622	1.368622
254.000000	-743.732849	228.480225	-13.454516	0.000000	13.454516
255.000000	-747.470215	228.480225	-4.484839	0.000000	4.484839
256.000000	-748.716003	228.480225	-8.969678	0.000000	8.969678
257.000000	-751.207581	228.480225	-8.969678	0.000000	8.969678
258.000000	-753.699158	228.480225	-8.969678	0.000000	8.969678
259.000000	-756.190735	228.480225	-17.939137	0.000000	17.939137
260.000000	-761.173828	228.480225	-17.939356	0.000000	17.939356
261.000000	-766.156982	228.480225	-8.969678	0.000000	8.969678
262.000000	-768.648560	228.480225	-17.939137	-1.368567	17.991264
263.000000	-773.631653	228.100067	-17.939356	0.000000	17.939356
264.000000	-778.614807	228.100067	-22.424196	0.000000	22.424196
265.000000	-784.843750	228.100067	-17.939137	0.000000	17.939137
266.000000	-789.826843	228.100067	-22.424196	-1.368622	22.465923
267.000000	-796.055786	227.719894	-22.424196	0.000000	22.424196
268.000000	-802.284729	227.719894	-17.939137	0.000000	17.939137
269.000000	-807.267822	227.719894	-17.939356	0.000000	17.939356
270.000000	-812.250977	227.719894	-17.939356	0.000000	17.939356
271.000000	-817.234131	227.719894	-13.454516	-2.737189	13.730121
272.000000	-820.971497	226.959564	-13.454297	0.000000	13.454297
273.000000	-824.708801	226.959564	-8.969678	0.000000	8.969678
274.000000	-827.200378	226.959564	-8.969678	0.000000	8.969678
275.000000	-829.691956	226.959564	-4.484839	0.000000	4.484839
276.000000	-830.937744	226.959564	-4.484839	0.000000	4.484839
277.000000	-832.183533	226.959564	-8.969678	0.000000	8.969678
278.000000	-834.675110	226.959564	-4.484839	0.000000	4.484839
279.000000	-835.920898	226.959564	-13.454297	0.000000	13.454297
280.000000	-839.658203	226.959564	-13.454516	0.000000	13.454516
281.000000	-843.395569	226.959564	-13.454516	0.000000	13.454516
282.000000	-847.132935	226.959564	-17.939356	0.000000	17.939356
283.000000	-852.116089	226.959564	-13.454297	0.000000	13.454297
284.000000	-855.853394	226.959564	-17.939356	-2.737189	18.146975
285.000000	-860.836548	226.199234	-22.424196	0.000000	22.424196
286.000000	-867.065491	226.199234	-13.454297	0.000000	13.454297
287.000000	-870.802795	226.199234	-17.939356	0.000000	17.939356
288.000000	-875.785950	226.199234	-17.939356	0.000000	17.939356
289.000000	-880.769104	226.199234	-17.939137	-1.368622	17.991268
290.000000	-885.752197	225.819061	-13.454516	0.000000	13.454516
291.000000	-889.489563	225.819061	-13.454516	0.000000	13.454516
292.000000	-893.226929	225.819061	-8.969678	0.000000	8.969678
293.000000	-895.718506	225.819061	-13.454297	0.000000	13.454297
294.000000	-899.455811	225.819061	-8.969678	0.000000	8.969678
295.000000	-901.947388	225.819061	-13.454516	0.000000	13.454516
296.000000	-905.684753	225.819061	-13.454516	0.000000	13.454516
297.000000	-909.422119	225.819061	-13.454516	0.000000	13.454516
298.000000	-913.159485	225.819061	-8.969458	0.000000	8.969458
299.000000	-915.651001	225.819061	-13.454516	-1.368512	13.523935
300.000000	-919.388367	225.438919	-8.969678	0.000000	8.969678
301.000000	-921.879944	225.438919	-17.939356	0.000000	17.939356
302.000000	-926.863098	225.438919	-17.939137	0.000000	17.939137
303.000000	-931.846191	225.438919	-8.969678	0.000000	8.969678
304.000000	-934.337769	225.438919	-8.969678	0.000000	8.969678
305.000000	-936.829346	225.438919	-4.484839	0.000000	4.484839
306.000000	-938.075134	225.438919	0.000000	0.000000	0.000000
307.000000	-938.075134	225.438919	0.000000	0.000000	0.000000
308.000000	-938.075134	225.438919	-4.484839	0.000000	4.484839
309.000000	-939.320923	225.438919	-4.484839	0.000000	4.484839
310.000000	-940.566711	225.438919	-4.484839	-1.368677	4.689036
311.000000	-941.812500	225.058731	-8.969678	0.000000	8.969678
312.000000	-944.304077	225.058731	-8.969678	0.000000	8.969678
313.000000	-946.795654	225.058731	-8.969458	0.000000	8.969458
314.000000	-949.287170	225.058731	-8.969678	0.000000	8.969678
315.000000	-951.778748	225.058731	-4.484839	0.000000	4.484839
316.000000	-953.024536	225.058731	-8.969678	0.000000	8.969678
317.000000	-955.516113	225.058731	-4.484839	0.000000	4.484839
318.000000	-956.761902	225.058731	-13.454516	0.000000	13.454516
319.000000	-960.499268	225.058731	-4.484839	0.000000	4.484839
320.000000	-961.745056	225.058731	-8.969458	0.000000	8.969458
321.000000	-964.236572	225.058731	-8.969678	-1.368622	9.073491
322.000000	-966.728149	224.678558	-13.454516	0.000000	13.454516
323.000000	-970.465515	224.678558	-8.969678	0.000000	8.969678
324.000000	-972.957092	224.678558	-8.969678	0.000000	8.969678
325.000000	-975.448669	224.678558	-8.969458	0.000000	8.969458
326.000000	-977.940186	224.678558	-8.969678	0.000000	8.969678
327.000000	-980.431763	224.678558	-8.969678	0.000000	8.969678
328.000000	-982.923340	224.678558	-13.454516	0.000000	13.454516
329.000000	-986.660706	224.678558	-13.454516	0.000000	13.454516
330.000000	-990.398071	224.678558	-8.969678	0.000000	8.969678
331.000000	-992.889648	224.678558	-8.969458	-1.368567	9.073266
332.000000	-995.381165	224.298401	-8.969678	0.000000	8.969678
333.000000	-997.872742	224.298401	-8.969678	0.000000	8.969678
334.000000	-1000.364319	224.298401	-8.969678	0.000000	8.969678
335.000000	-1002.855896	224.298401	-8.969678	0.000000	8.969678
336.000000	-1005.347473	224.298401	-17.939137	0.000000	17.939137
337.000000	-1010.330566	224.298401	-17.939356	0.000000	17.939356
338.000000	-1015.313721	224.298401	-17.939356	-1.368622	17.991488
339.000000	-1020.296875	223.918228	-17.939356	0.000000	17.939356
340.000000	-1025.280029	223.918228	-22.423975	0.000000	22.423975
341.000000	-1031.508911	223.918228	-17.939356	0.000000	17.939356
342.000000	-1036.492065	223.918228	-17.939356	-2.737134	18.146967
343.000000	-1041.475220	223.157913	-17.939356	0.000000	17.939356
344.000000	-1046.458374	223.157913	-17.938915	0.000000	17.938915
345.000000	-1051.441406	223.157913	-8.969678	0.000000	8.969678
346.000000	-1053.932983	223.157913	0.000000	0.000000	0.000000
347.000000	-1053.932983	223.157913	-8.969678	0.000000	8.969678
348.000000	-1056.424561	223.157913	0.000000	0.000000	0.000000
349.000000	-1056.424561	223.157913	0.000000	0.000000	0.000000
350.000000	-1056.424561	223.157913	0.000000	0.000000	0.000000
351.000000	-1056.424561	223.157913	0.000000	0.000000	0.000000
352.000000	-1056.424561	223.157913	0.000000	0.000000	0.000000
353.000000	-1056.424561	223.157913	0.000000	0.000000	0.000000
354.000000	-1056.424561	223.157913	0.000000	0.000000	0.000000
355.000000	-1056.424561	223.157913	0.000000	0.000000	0.000000
356.000000	-1056.424561	223.157913	0.000000	0.000000	0.000000
357.000000	-1056.424561	223.157913	0.000000	0.000000	0.000000
358.000000	-1056.424561	223.157913	0.000000	0.000000	0.000000
359.000000	-1056.424561	223.157913	0.000000	0.000000	0.000000
360.000000	-1056.424561	223.157913	0.000000	0.000000	0.000000
361.000000	-1056.424561	223.157913	0.000000	0.000000	0.000000
362.000000	-1056.424561	223.157913	0.000000	0.000000	0.000000
363.000000	-1056.424561	223.157913	0.000000	0.000000	0.000000
364.000000	-1056.424561	223.157913	0.000000	0.000000	0.000000
365.000000	-1056.424561	223.157913	0.000000	0.000000	0.000000
366.000000	-1056.424561	223.157913	0.000000	0.000000	0.000000
367.000000	-1056.424561	223.157913	0.000000	0.000000	0.000000
368.000000	-1056.424561	223.157913	0.000000	0.000000	0.000000
369.000000	-1056.424561	223.157913	0.000000	0.000000	0.000000
370.000000	-1056.424561	223.157913	0.000000	0.000000	0.000000
371.000000	-1056.424561	223.157913	0.000000	0.000000	0.000000
372.000000	-1056.424561	223.157913	0.000000	0.000000	0.000000
373.000000	-1056.424561	223.157913	0.000000	0.000000	0.000000
374.000000	-1056.424561	223.157913	0.000000	0.000000	0.000000
375.000000	-1056.424561	223.157913	0.000000	0.000000	0.000000
376.000000	-1056.424561	223.157913	0.000000	0.000000	0.000000
377.000000	-1056.424561	223.157913	0.000000	0.000000	0.000000
378.000000	-1056.424561	223.157913	-4.485059	0.000000	4.485059
379.000000	-1057.670410	223.157913	0.000000	0.000000	0.000000
380.000000	-1057.670410	223.157913	-8.969678	-1.368677	9.073500
381.000000	-1060.161987	222.777725	-8.969678	0.000000	8.969678
382.000000	-1062.653564	222.777725	-13.454297	0.000000	13.454297
383.000000	-1066.390869	222.777725	-8.969678	0.000000	8.969678
384.000000	-1068.882446	222.777725	-8.969678	0.000000	8.969678
385.000000	-1071.374023	222.777725	-13.454297	0.000000	13.454297
386.000000	-1075.111328	222.777725	-17.939356	0.000000	17.939356
387.000000	-1080.094482	222.777725	-17.939356	0.000000	17.939356
388.000000	-1085.077637	222.777725	-17.939356	-1.368622	17.991488
389.000000	-1090.060791	222.397552	-22.423975	0.000000	22.423975
390.000000	-1096.289673	222.397552	-22.423975	0.000000	22.423975
391.000000	-1102.518555	222.397552	-22.424414	-1.368567	22.466137
392.000000	-1108.747559	222.017395	-22.423975	0.000000	22.423975
393.000000	-1114.976440	222.017395	-22.423975	0.000000	22.423975
394.000000	-1121.205322	222.017395	-26.909033	0.000000	26.909033
395.000000	-1128.680054	222.017395	-13.454297	-1.368622	13.523728
396.000000	-1132.417358	221.637222	-22.424414	0.000000	22.424414
397.000000	-1138.646362	221.637222	-8.969238	0.000000	8.969238
398.000000	-1141.137817	221.637222	-8.969678	0.000000	8.969678
399.000000	-1143.629395	221.637222	-8.969678	0.000000	8.969678
400.000000	-1146.120972	221.637222	-8.969678	0.000000	8.969678
401.000000	-1148.612549	221.637222	0.000000	0.000000	0.000000
402.000000	-1148.612549	221.637222	0.000000	0.000000	0.000000
403.000000	-1148.612549	221.637222	0.000000	0.000000	0.000000
404.000000	-1148.612549	221.637222	0.000000	0.000000	0.000000
405.000000	-1148.612549	221.637222	0.000000	0.000000	0.000000
406.000000	-1148.612549	221.637222	0.000000	0.000000	0.000000
407.000000	-1148.612549	221.637222	0.000000	0.000000	0.000000
408.000000	-1148.612549	221.637222	0.000000	0.000000	0.000000
409.000000	-1148.612549	221.637222	0.000000	0.000000	0.000000
410.000000	-1148.612549	221.637222	0.000000	0.000000	0.000000
411.000000	-1148.612549	221.637222	0.000000	0.000000	0.000000
412.000000	-1148.612549	221.637222	-8.969678	0.000000	8.969678
413.000000	-1151.104126	221.637222	-4.485059	0.000000	4.485059
414.000000	-1152.349976	221.637222	-4.484619	0.000000	4.484619
415.000000	-1153.595703	221.637222	-8.969678	-1.368567	9.073483
416.000000	-1156.087280	221.257065	-8.969678	0.000000	8.969678
417.000000	-1158.578857	221.257065	-17.939356	0.000000	17.939356
418.000000	-1163.562012	221.257065	-8.969678	0.000000	8.969678
419.000000	-1166.053589	221.257065	-17.939356	0.000000	17.939356
420.000000	-1171.036743	221.257065	-13.454297	0.000000	13.454297
421.000000	-1174.774048	221.257065	-13.454297	0.000000	13.454297
422.000000	-1178.511353	221.257065	-22.424414	0.000000	22.424414
423.000000	-1184.740356	221.257065	-17.938915	0.000000	17.938915
424.000000	-1189.723389	221.257065	-17.939356	0.000000	17.939356
425.000000	-1194.706543	221.257065	-17.939356	0.000000	17.939356
426.000000	-1199.689697	221.257065	-17.939356	-1.368622	17.991488
427.000000	-1204.672852	220.876892	-22.423975	0.000000	22.423975
428.000000	-1210.901733	220.876892	-17.939356	-1.368622	17.991488
429.000000	-1215.884888	220.496719	-22.423975	-2.737189	22.590414
430.000000	-1222.113770	219.736389	-22.424414	0.000000	22.424414
431.000000	-1228.342773	219.736389	-26.908594	-1.368567	26.943375
432.000000	-1235.817383	219.356232	-17.939356	-1.368622	17.991488
433.000000	-1240.800537	218.976059	-26.909033	0.000000	26.909033
434.000000	-1248.275269	218.976059	-26.909033	-1.368512	26.943810
435.000000	-1255.750000	218.595917	-26.909033	0.000000	26.909033
436.000000	-1263.224731	218.595917	-31.393652	0.000000	31.393652
437.000000	-1271.945190	218.595917	-22.423975	0.000000	22.423975
438.000000	-1278.174072	218.595917	-31.393652	0.000000	31.393652
439.000000	-1286.894531	218.595917	-35.878712	0.000000	35.878712
440.000000	-1296.860840	218.595917	-31.393652	0.000000	31.393652
441.000000	-1305.581299	218.595917	-31.393652	1.368512	31.423466
442.000000	-1314.301758	218.976059	-44.848392	0.000000	44.848392
443.000000	-1326.759644	218.976059	-35.878712	-1.368512	35.904800
444.000000	-1336.725952	218.595917	-35.878273	0.000000	35.878273
445.000000	-1346.692139	218.595917	-44.848392	0.000000	44.848392
446.000000	-1359.150024	218.595917	-40.363327	-1.368677	40.386524
447.000000	-1370.362061	218.215729	-44.848392	0.000000	44.848392
448.000000	-1382.819946	218.215729	-44.847950	-1.368622	44.868828
449.000000	-1395.277710	217.835556	-44.848392	-1.368677	44.869270
450.000000	-1407.735596	217.455368	-49.333008	0.000000	49.333008
451.000000	-1421.439209	217.455368	-44.848392	-2.737134	44.931839
452.000000	-1433.897095	216.695053	-44.847950	0.000000	44.847950
453.000000	-1446.354858	216.695053	-49.333008	0.000000	49.333008
454.000000	-1460.058472	216.695053	-44.848392	-2.737189	44.931843
455.000000	-1472.516357	215.934723	-49.333008	0.000000	49.333008
456.000000	-1486.219971	215.934723	-49.333008	0.000000	49.333008
457.000000	-1499.923584	215.934723	-49.333008	-2.737189	49.408882
458.000000	-1513.627197	215.174393	-53.818066	-1.368622	53.835464
459.000000	-1528.576660	214.794220	-53.817623	-1.368567	53.835022
460.000000	-1543.526001	214.414062	-49.333008	-1.368622	49.351986
461.000000	-1557.229614	214.033890	-58.302689	-1.368622	58.318752
462.000000	-1573.424805	213.653717	-58.302689	-2.737079	58.366901
463.000000	-1589.619995	212.893417	-53.818066	0.000000	53.818066
464.000000	-1604.569458	212.893417	-53.817623	0.000000	53.817623
465.000000	-1619.518799	212.893417	-49.333008	-2.737298	49.408890
466.000000	-1633.222412	212.133057	-58.302689	0.000000	58.302689
467.000000	-1649.417603	212.133057	-53.818066	0.000000	53.818066
468.000000	-1664.367065	212.133057	-53.817623	-2.737189	53.887188
469.000000	-1679.316406	211.372726	-49.333008	0.000000	49.333008
470.000000	-1693.020020	211.372726	-49.333008	-1.368622	49.351986
471.000000	-1706.723633	210.992554	-58.302689	0.000000	58.302689
472.000000	-1722.918823	210.992554	-49.333008	0.000000	49.333008
473.000000	-1736.622437	210.992554	-49.333008	0.000000	49.333008
474.000000	-1750.326050	210.992554	-53.818066	0.000000	53.818066
475.000000	-1765.275513	210.992554	-44.848392	-1.368567	44.869267
476.000000	-1777.733398	210.612396	-44.847950	-1.368622	44.868828
477.000000	-1790.191162	210.232224	-49.333008	0.000000	49.333008
478.000000	-1803.894775	210.232224	-35.878712	-1.368622	35.904808
479.000000	-1813.861084	209.852051	-35.878712	0.000000	35.878712
480.000000	-1823.827393	209.852051	-26.908594	0.000000	26.908594
481.000000	-1831.302002	209.852051	-17.939356	-2.737189	18.146975
482.000000	-1836.285156	209.091721	-22.424414	0.000000	22.424414
483.000000	-1842.514160	209.091721	-22.423975	0.000000	22.423975
484.000000	-1848.743042	209.091721	-8.969678	0.000000	8.969678
485.000000	-1851.234619	209.091721	-8.969678	0.000000	8.969678
486.000000	-1853.726196	209.091721	-4.484619	0.000000	4.484619
487.000000	-1854.971924	209.091721	0.000000	0.000000	0.000000
488.000000	-1854.971924	209.091721	0.000000	0.000000	0.000000
489.000000	-1854.971924	209.091721	0.000000	0.000000	0.000000
490.000000	-1854.971924	209.091721	0.000000	0.000000	0.000000
491.000000	-1854.971924	209.091721	0.000000	0.000000	0.000000
492.000000	-1854.971924	209.091721	0.000000	0.000000	0.000000
493.000000	-1854.971924	209.091721	0.000000	0.000000	0.000000
494.000000	-1854.971924	209.091721	0.000000	0.000000	0.000000
495.000000	-1854.971924	209.091721	0.000000	0.000000	0.000000
496.000000	-1854.971924	209.091721	0.000000	0.000000	0.000000
497.000000	-1854.971924	209.091721	0.000000	0.000000	0.000000
498.000000	-1854.971924	209.091721	0.000000	0.000000	0.000000
499.000000	-1854.971924	209.091721	0.000000	0.000000	0.000000
500.000000	-1854.971924	209.091721	0.000000	0.000000	0.000000
501.000000	-1854.971924	209.091721	0.000000	0.000000	0.000000
502.000000	-1854.971924	209.091721	0.000000	0.000000	0.000000
503.000000	-1854.971924	209.091721	0.000000	0.000000	0.000000
504.000000	-1854.971924	209.091721	0.000000	0.000000	0.000000
505.000000	-1854.971924	209.091721	0.000000	0.000000	0.000000
506.000000	-1854.971924	209.091721	0.000000	0.000000	0.000000
507.000000	-1854.971924	209.091721	0.000000	0.000000	0.000000
508.000000	-1854.971924	209.091721	0.000000	0.000000	0.000000
509.000000	-1854.971924	209.091721	0.000000	0.000000	0.000000
510.000000	-1854.971924	209.091721	0.000000	0.000000	0.000000
511.000000	-1854.971924	209.091721	0.000000	0.000000	0.000000
512.000000	-1854.971924	209.091721	0.000000	0.000000	0.000000
513.000000	-1854.971924	209.091721	0.000000	0.000000	0.000000
514.000000	-1854.971924	209.091721	0.000000	0.000000	0.000000
515.000000	-1854.971924	209.091721	0.000000	0.000000	0.000000
516.000000	-1854.971924	209.091721	0.000000	0.000000	0.000000
517.000000	-1854.971924	209.091721	0.000000	0.000000	0.000000
518.000000	-1854.971924	209.091721	0.000000	0.000000	0.000000
519.000000	-1854.971924	209.091721	0.000000	0.000000	0.000000
520.000000	-1854.971924	209.091721	0.000000	0.000000	0.000000
521.000000	-1854.971924	209.091721	0.000000	0.000000	0.000000
522.000000	-1854.971924	209.091721	0.000000	0.000000	0.000000
523.000000	-1854.971924	209.091721	0.000000	0.000000	0.000000
524.000000	-1854.971924	209.091721	0.000000	0.000000	0.000000
525.000000	-1854.971924	209.091721	-4.485059	0.000000	4.485059
526.000000	-1856.217773	209.091721	-8.969678	0.000000	8.969678
527.000000	-1858.709351	209.091721	-17.938915	0.000000	17.938915
528.000000	-1863.692383	209.091721	-13.454737	-2.737189	13.730336
529.000000	-1867.429810	208.331390	-17.939356	0.000000	17.939356
530.000000	-1872.412964	208.331390	-26.908594	0.000000	26.908594
531.000000	-1879.887573	208.331390	-31.394093	-1.368622	31.423910
532.000000	-1888.608154	207.951218	-31.393652	0.000000	31.393652
533.000000	-1897.328613	207.951218	-31.393652	-1.368567	31.423470
534.000000	-1906.049072	207.571060	-40.363327	0.000000	40.363327
535.000000	-1917.261108	207.571060	-35.878712	0.000000	35.878712
536.000000	-1927.227417	207.571060	-40.363327	-1.368622	40.386524
537.000000	-1938.439453	207.190887	-44.848392	-1.368567	44.869267
538.000000	-1950.897339	206.810730	-40.363327	-1.368622	40.386524
539.000000	-1962.109375	206.430557	-40.363327	-2.737189	40.456028
540.000000	-1973.321411	205.670227	-44.847950	-8.211621	45.593521
541.000000	-1985.779175	203.389221	-40.363770	-9.580188	41.485104
542.000000	-1996.991333	200.728058	-40.363327	-12.317323	42.200882
543.000000	-2008.203369	197.306580	-40.363327	-16.423296	43.576630
544.000000	-2019.415405	192.744553	-40.363327	-21.897619	45.920624
545.000000	-2030.627441	186.661880	-35.878712	-23.266188	42.762104
546.000000	-2040.593750	180.199051	-26.908594	-23.266243	35.572327
547.000000	-2048.068359	173.736206	-35.878712	-27.371996	45.127686
548.000000	-2058.034668	166.132874	-26.908594	-27.371996	38.383572
549.000000	-2065.509277	158.529541	-26.909473	-28.740620	39.371853
550.000000	-2072.984131	150.546036	-26.908594	-24.634809	36.482136
551.000000	-2080.458740	143.703033	-26.909473	-27.371996	38.384190
552.000000	-2087.933594	136.099701	-22.423534	-26.003374	34.336430
553.000000	-2094.162354	128.876541	-26.909473	-24.634836	36.482803
554.000000	-2101.637207	122.033531	-26.908594	-26.003403	37.419907
555.000000	-2109.111816	114.810364	-26.908594	-27.371996	38.383572
556.000000	-2116.586426	107.207031	-26.909473	-27.372025	38.384209
557.000000	-2124.061279	99.603691	-22.423534	-26.003403	34.336449
558.000000	-2130.290039	92.380524	-31.394531	-27.371996	41.651443
559.000000	-2139.010742	84.777191	-22.423534	-23.266214	32.313026
560.000000	-2145.239502	78.314354	-22.424414	-23.266214	32.313637
561.000000	-2151.468506	71.851517	-13.454297	-19.160404	23.412373
562.000000	-2155.205811	66.529182	-17.939356	-13.685998	22.563843
563.000000	-2160.188965	62.727516	-8.969238	-10.948796	14.153563
564.000000	-2162.680420	59.686184	-17.939356	-13.686012	22.563852
565.000000	-2167.663574	55.884514	-8.970118	-10.948796	14.154121
566.000000	-2170.155273	52.843182	-8.969238	-15.054606	17.523939
567.000000	-2172.646729	48.661346	-13.454297	-13.685998	19.191786
568.000000	-2176.384033	44.859680	-13.455175	-15.054606	20.191160
569.000000	-2180.121582	40.677845	-22.423534	-16.423201	27.794538
570.000000	-2186.350342	36.115845	-13.454297	-19.160410	23.412376
571.000000	-2190.087646	30.793509	-22.424414	-19.160404	29.495346
572.000000	-2196.316650	25.471174	-17.939356	-21.897606	28.307697
573.000000	-2201.299805	19.388506	-26.908594	-21.897610	34.692619
574.000000	-2208.774414	13.305837	-17.939356	-23.266205	29.379190
575.000000	-2213.757568	6.843002	-26.909473	-24.634808	36.482780
576.000000	-2221.232422	0.000000	-26.908594	24.634808	36.482136
577.000000	-2228.707031	6.843002	-17.939356	23.266205	29.379190
578.000000	-2233.690186	13.305837	-26.908594	26.003407	37.419907
579.000000	-2241.164795	20.529005	-22.424414	24.634809	33.312584
580.000000	-2247.393799	27.372007	-31.393652	27.372004	41.650787
581.000000	-2256.114258	34.975342	-22.424414	27.372011	35.384762
582.000000	-2262.343262	42.578678	-31.393652	28.740606	42.562706
583.000000	-2271.063721	50.562180	-22.424414	28.740606	36.453762
584.000000	-2277.292725	58.545681	-35.877831	30.109226	46.837849
585.000000	-2287.258789	66.909355	-26.909473	30.109186	40.381714
586.000000	-2294.733643	75.273018	-26.908594	30.109213	40.381149
587.000000	-2302.208252	83.636688	-26.909473	30.109213	40.381733
588.000000	-2309.683105	92.000359	-31.393652	30.109213	43.498577
589.000000	-2318.403564	100.364029	-26.908594	28.740591	39.371235
590.000000	-2325.878174	108.347527	-22.424414	28.740620	36.453773
591.000000	-2332.107178	116.331032	-22.423534	27.371996	35.384193
592.000000	-2338.335938	123.934364	-26.909473	30.109213	40.381733
593.000000	-2345.810791	132.298035	-26.908594	28.740620	39.371254
594.000000	-2353.285400	140.281540	-26.908594	28.740620	39.371254
595.000000	-2360.760010	148.265045	-22.424414	28.740564	36.453728
596.000000	-2366.989014	156.248535	-26.908594	28.740620	39.371254
597.000000	-2374.463623	164.232040	-22.424414	30.109240	37.542252
598.000000	-2380.692627	172.595718	-31.393652	28.740564	42.562675
599.000000	-2389.413086	180.579208	-26.909473	30.109240	40.381752
600.000000	-2396.887939	188.942886	-22.423534	31.477808	38.647991
601.000000	-2403.116699	197.686722	-22.424414	27.371996	35.384750
602.000000	-2409.345703	205.290054	-26.908594	30.109186	40.381126
603.000000	-2416.820312	213.653717	-26.909473	28.740620	39.371853
604.000000	-2424.295166	221.637222	-31.393652	28.740620	42.562714
605.000000	-2433.015625	229.620728	-22.423534	30.109295	37.541771
606.000000	-2439.244385	237.984421	-26.909473	28.740564	39.371815
607.000000	-2446.719238	245.967911	-22.423534	28.740564	36.453190
608.000000	-2452.947998	253.951401	-31.394531	28.740620	42.563362
609.000000	-2461.668701	261.934906	-22.423534	31.477808	38.647991
610.000000	-2467.897461	270.678741	-26.909473	27.371996	38.384190
611.000000	-2475.372314	278.282074	-26.908594	28.740564	39.371216
612.000000	-2482.846924	286.265564	-22.424414	28.740673	36.453815
613.000000	-2489.075928	294.249084	-26.908594	27.371996	38.383572
614.000000	-2496.550537	301.852417	-26.908594	27.371996	38.383572
615.000000	-2504.025146	309.455750	-22.424414	28.740564	36.453728
616.000000	-2510.254150	317.439240	-31.393652	24.634863	39.905361
617.000000	-2518.974609	324.282257	-26.909473	23.266188	35.572956
618.000000	-2526.449463	330.745087	-31.393652	21.897619	38.276196
619.000000	-2535.169922	336.827759	-31.393652	19.160376	36.778816
620.000000	-2543.890381	342.150085	-35.878712	20.529053	41.336716
621.000000	-2553.856689	347.852600	-31.393652	21.897619	38.276196
622.000000	-2562.577148	353.935272	-31.393652	19.160376	36.778816
623.000000	-2571.297607	359.257599	-35.878712	21.897619	42.033173
624.000000	-2581.263916	365.340271	-35.878712	19.160376	40.674339
625.000000	-2591.230225	370.662598	-35.877831	21.897619	42.032421
626.000000	-2601.196289	376.745270	-35.878712	20.529053	41.336716
627.000000	-2611.162598	382.447784	-35.878712	23.266188	42.762104
628.000000	-2621.128906	388.910614	-35.878712	23.266188	42.762104
629.000000	-2631.095215	395.373444	-35.878712	21.897619	42.033173
630.000000	-2641.061523	401.456116	-35.878712	21.897619	42.033173
631.000000	-2651.027832	407.538788	-35.877831	19.160376	40.673565
632.000000	-2660.993896	412.861115	-31.394531	19.160486	36.779625
633.000000	-2669.714600	418.183472	-26.908594	20.528944	33.845383
634.000000	-2677.189209	423.885956	-35.878712	19.160376	40.674339
635.000000	-2687.155518	429.208282	-26.908594	20.529053	33.845448
636.000000	-2694.630127	434.910797	-35.878712	21.897511	42.033119
637.000000	-2704.596436	440.993439	-35.878712	19.160486	40.674393
638.000000	-2714.562744	446.315796	-31.393652	20.529053	37.510044
639.000000	-2723.283203	452.018311	-26.908594	19.160376	33.033203
640.000000	-2730.757812	457.340637	-35.878712	19.160376	40.674339
641.000000	-2740.724121	462.662964	-31.393652	19.160376	36.778816
642.000000	-2749.444580	467.985291	-31.393652	20.529053	37.510044
643.000000	-2758.165039	473.687805	-85.211716	54.743992	101.281494
644.000000	-2781.834961	488.894470	-26.909473	17.791809	32.259388
645.000000	-2789.309814	493.836639	-35.877831	16.423132	39.458054
646.000000	-2799.275879	498.398621	-31.394531	12.317431	33.724407
647.000000	-2807.996582	501.820129	-31.393652	13.686109	34.247204
648.000000	-2816.717041	505.621826	-17.939356	13.685888	22.563776
649.000000	-2821.700195	509.423462	-22.423534	9.580297	24.384359
650.000000	-2827.928955	512.084656	-13.454297	9.580078	16.516539
651.000000	-2831.666260	514.745789	-4.485059	5.474487	7.077129
652.000000	-2832.912109	516.266479	-8.970118	2.737134	9.378428
653.000000	-2835.403809	517.026794	0.000000	0.000000	0.000000
654.000000	-2835.403809	517.026794	0.000000	2.737134	2.737134
655.000000	-2835.403809	517.787109	0.000000	0.000000	0.000000
656.000000	-2835.403809	517.787109	0.000000	0.000000	0.000000
657.000000	-2835.403809	517.787109	0.000000	0.000000	0.000000
658.000000	-2835.403809	517.787109	-8.969238	1.368677	9.073065
659.000000	-2837.895264	518.167297	0.000000	1.368677	1.368677
660.000000	-2837.895264	518.547485	0.000000	0.000000	0.000000
661.000000	-2837.895264	518.547485	0.000000	0.000000	0.000000
662.000000	-2837.895264	518.547485	0.000000	0.000000	0.000000
663.000000	-2837.895264	518.547485	0.000000	0.000000	0.000000
664.000000	-2837.895264	518.547485	0.000000	0.000000	0.000000
665.000000	-2837.895264	518.547485	0.000000	0.000000	0.000000
666.000000	-2837.895264	518.547485	0.000000	0.000000	0.000000
667.000000	-2837.895264	518.547485	0.000000	0.000000	0.000000
668.000000	-2837.895264	518.547485	0.000000	0.000000	0.000000
669.000000	-2837.895264	518.547485	0.000000	0.000000	0.000000
670.000000	-2837.895264	518.547485	0.000000	0.000000	0.000000
671.000000	-2837.895264	518.547485	0.000000	0.000000	0.000000
