0.000000	0.000000	0.000000
1.000000	4.182914	12.458077
2.000000	8.363669	24.915792
3.000000	13.305837	37.373505
4.000000	18.248005	48.585552
5.000000	23.190172	59.797615
6.000000	27.752174	72.255440
7.000000	32.694344	83.467499
8.000000	37.256344	94.679558
9.000000	41.818344	105.891632
10.000000	47.140678	117.103706
11.000000	51.702682	128.315720
12.000000	56.644848	137.036209
13.000000	61.967182	149.494080
14.000000	66.909355	159.460312
15.000000	72.231689	173.163925
16.000000	77.554024	183.130219
17.000000	83.256523	195.588043
18.000000	88.578857	205.554337
19.000000	94.281410	216.766373
20.000000	100.364029	227.978409
21.000000	106.446693	237.944687
22.000000	111.769028	247.910965
23.000000	117.471535	259.123016
24.000000	122.033531	270.335052
25.000000	126.595535	280.301331
26.000000	130.777374	292.759186
27.000000	136.860031	302.725433
28.000000	141.802200	312.691742
29.000000	145.984039	325.149567
30.000000	151.306396	337.607391
31.000000	156.248535	351.311005
32.000000	162.331238	363.768860
33.000000	168.033707	376.226685
34.000000	174.876709	389.930328
35.000000	182.480057	402.388153
36.000000	191.984222	413.600189
37.000000	201.868561	422.320679
38.000000	212.133057	431.041168
39.000000	222.777725	438.515869
40.000000	233.042236	447.236359
41.000000	242.166229	455.956848
42.000000	249.389404	464.677338
43.000000	255.472076	474.643585
44.000000	259.653900	483.364075
45.000000	261.174561	493.330353
46.000000	261.554749	502.050842
47.000000	261.554749	510.771332
48.000000	260.794403	519.491821
49.000000	259.653900	526.966492
50.000000	258.513397	531.949646
51.000000	257.753082	536.932800
52.000000	256.992737	539.424316
53.000000	256.612579	541.915894
54.000000	256.612579	544.407471
55.000000	255.852234	545.653259
56.000000	255.852234	546.899048
57.000000	255.852234	546.899048
58.000000	255.852234	546.899048
59.000000	255.852234	546.899048
60.000000	255.852234	546.899048
61.000000	255.472076	546.899048
62.000000	255.472076	546.899048
63.000000	255.472076	546.899048
64.000000	255.472076	546.899048
65.000000	255.472076	546.899048
66.000000	255.472076	546.899048
67.000000	255.472076	546.899048
68.000000	255.472076	546.899048
69.000000	255.472076	546.899048
70.000000	255.472076	546.899048
71.000000	255.472076	546.899048
72.000000	255.472076	546.899048
73.000000	255.091919	548.144836
74.000000	255.091919	549.390625
75.000000	254.711731	550.636414
76.000000	254.711731	550.636414
77.000000	254.711731	551.882202
78.000000	254.711731	551.882202
79.000000	254.331573	551.882202
80.000000	254.331573	551.882202
81.000000	254.331573	551.882202
82.000000	254.331573	551.882202
83.000000	254.331573	551.882202
84.000000	254.331573	551.882202
85.000000	253.951401	555.619507
86.000000	253.571228	556.865356
87.000000	253.571228	559.356873
88.000000	253.191071	560.602661
89.000000	252.430740	561.848450
90.000000	252.430740	565.585815
91.000000	252.430740	566.831604
92.000000	251.670395	569.323181
93.000000	251.290237	571.814697
94.000000	250.529907	575.552063
95.000000	250.149734	578.043640
96.000000	250.149734	580.535217
97.000000	249.389404	581.781006
98.000000	249.389404	581.781006
99.000000	249.389404	583.026794
100.000000	249.389404	584.272583
101.000000	249.389404	584.272583
102.000000	248.629074	585.518372
103.000000	248.629074	588.009888
104.000000	248.629074	588.009888
105.000000	247.868729	590.501465
106.000000	247.868729	592.993042
107.000000	247.488571	594.238831
108.000000	247.488571	595.484619
109.000000	247.108398	596.730408
110.000000	247.108398	597.976196
111.000000	247.108398	597.976196
112.000000	247.108398	600.467773
113.000000	247.108398	600.467773
114.000000	246.728226	600.467773
115.000000	246.728226	600.467773
116.000000	246.728226	600.467773
117.000000	246.728226	600.467773
118.000000	246.728226	600.467773
119.000000	246.728226	600.467773
120.000000	246.728226	600.467773
121.000000	246.728226	600.467773
122.000000	246.728226	600.467773
123.000000	246.728226	600.467773
124.000000	246.728226	600.467773
125.000000	246.728226	600.467773
126.000000	246.728226	600.467773
127.000000	246.728226	600.467773
128.000000	246.728226	600.467773
129.000000	246.728226	600.467773
130.000000	246.728226	600.467773
131.000000	246.728226	600.467773
132.000000	246.348068	602.959290
133.000000	246.348068	602.959290
134.000000	246.348068	602.959290
135.000000	246.348068	602.959290
136.000000	246.348068	604.205078
137.000000	246.348068	604.205078
138.000000	245.587738	605.450867
139.000000	245.587738	606.696655
140.000000	245.587738	607.942444
141.000000	245.587738	610.434021
142.000000	244.827393	610.434021
143.000000	244.827393	612.925598
144.000000	244.827393	614.171387
145.000000	244.827393	614.171387
146.000000	244.827393	614.171387
147.000000	244.827393	614.171387
148.000000	244.827393	614.171387
149.000000	244.827393	615.417175
150.000000	244.067062	616.662964
151.000000	243.686905	617.908691
152.000000	243.686905	619.154480
153.000000	243.306732	620.400269
154.000000	243.306732	621.646057
155.000000	242.926559	624.137634
156.000000	242.546402	626.629211
157.000000	242.546402	627.875000
158.000000	242.546402	629.120789
159.000000	242.166229	631.612366
160.000000	242.166229	634.103882
161.000000	241.786072	634.103882
162.000000	241.786072	636.595459
163.000000	241.025757	636.595459
164.000000	241.025757	636.595459
165.000000	241.025757	639.087036
166.000000	240.645569	639.087036
167.000000	240.645569	640.332825
168.000000	240.645569	640.332825
169.000000	240.645569	640.332825
170.000000	240.645569	640.332825
171.000000	240.645569	640.332825
172.000000	240.645569	640.332825
173.000000	240.645569	640.332825
174.000000	240.645569	640.332825
175.000000	240.645569	640.332825
176.000000	240.645569	640.332825
177.000000	240.645569	640.332825
178.000000	240.645569	640.332825
179.000000	240.645569	640.332825
180.000000	240.645569	640.332825
181.000000	240.645569	640.332825
182.000000	240.645569	640.332825
183.000000	240.645569	640.332825
184.000000	240.645569	640.332825
185.000000	240.645569	640.332825
186.000000	240.645569	640.332825
187.000000	240.645569	640.332825
188.000000	240.645569	640.332825
189.000000	240.645569	640.332825
190.000000	240.645569	640.332825
191.000000	240.645569	640.332825
192.000000	240.645569	640.332825
193.000000	240.645569	640.332825
194.000000	240.645569	640.332825
195.000000	240.645569	640.332825
196.000000	240.645569	640.332825
197.000000	240.645569	640.332825
198.000000	240.645569	640.332825
199.000000	240.645569	640.332825
200.000000	240.645569	640.332825
201.000000	240.645569	640.332825
202.000000	240.645569	640.332825
203.000000	240.645569	641.578613
204.000000	240.645569	641.578613
205.000000	240.265396	644.070190
206.000000	240.265396	646.561768
207.000000	239.885239	646.561768
208.000000	239.885239	649.053345
209.000000	239.505066	649.053345
210.000000	239.124893	652.790649
211.000000	239.124893	654.036438
212.000000	238.744736	656.528015
213.000000	238.364563	661.511169
214.000000	237.224060	664.002686
215.000000	236.843903	666.494263
216.000000	236.083557	668.985840
217.000000	235.323227	673.968994
218.000000	233.802567	677.706360
219.000000	233.422394	680.197937
220.000000	233.042236	682.689453
221.000000	232.662064	685.181030
222.000000	232.281891	687.672607
223.000000	231.521561	690.164185
224.000000	231.521561	691.409973
225.000000	231.521561	692.655762
226.000000	231.521561	695.147278
227.000000	230.761230	695.147278
228.000000	230.761230	697.638855
229.000000	230.761230	701.376221
230.000000	230.000900	703.867798
231.000000	230.000900	705.113586
232.000000	230.000900	707.605164
233.000000	230.000900	710.096741
234.000000	230.000900	710.096741
235.000000	230.000900	712.588257
236.000000	230.000900	713.834045
237.000000	230.000900	716.325623
238.000000	229.240585	720.062988
239.000000	229.240585	720.062988
240.000000	229.240585	723.800354
241.000000	229.240585	726.291931
242.000000	229.240585	727.537720
243.000000	229.240585	728.783447
244.000000	229.240585	730.029236
245.000000	229.240585	732.520813
246.000000	228.860397	732.520813
247.000000	228.860397	733.766602
248.000000	228.860397	735.012390
249.000000	228.860397	736.258179
250.000000	228.860397	737.503967
251.000000	228.860397	739.995544
252.000000	228.860397	741.241333
253.000000	228.860397	743.732849
254.000000	228.480225	743.732849
255.000000	228.480225	747.470215
256.000000	228.480225	748.716003
257.000000	228.480225	751.207581
258.000000	228.480225	753.699158
259.000000	228.480225	756.190735
260.000000	228.480225	761.173828
261.000000	228.480225	766.156982
262.000000	228.480225	768.648560
263.000000	228.100067	773.631653
264.000000	228.100067	778.614807
265.000000	228.100067	784.843750
266.000000	228.100067	789.826843
267.000000	227.719894	796.055786
268.000000	227.719894	802.284729
269.000000	227.719894	807.267822
270.000000	227.719894	812.250977
271.000000	227.719894	817.234131
272.000000	226.959564	820.971497
273.000000	226.959564	824.708801
274.000000	226.959564	827.200378
275.000000	226.959564	829.691956
276.000000	226.959564	830.937744
277.000000	226.959564	832.183533
278.000000	226.959564	834.675110
279.000000	226.959564	835.920898
280.000000	226.959564	839.658203
281.000000	226.959564	843.395569
282.000000	226.959564	847.132935
283.000000	226.959564	852.116089
284.000000	226.959564	855.853394
285.000000	226.199234	860.836548
286.000000	226.199234	867.065491
287.000000	226.199234	870.802795
288.000000	226.199234	875.785950
289.000000	226.199234	880.769104
290.000000	225.819061	885.752197
291.000000	225.819061	889.489563
292.000000	225.819061	893.226929
293.000000	225.819061	895.718506
294.000000	225.819061	899.455811
295.000000	225.819061	901.947388
296.000000	225.819061	905.684753
297.000000	225.819061	909.422119
298.000000	225.819061	913.159485
299.000000	225.819061	915.651001
300.000000	225.438919	919.388367
301.000000	225.438919	921.879944
302.000000	225.438919	926.863098
303.000000	225.438919	931.846191
304.000000	225.438919	934.337769
305.000000	225.438919	936.829346
306.000000	225.438919	938.075134
307.000000	225.438919	938.075134
308.000000	225.438919	938.075134
309.000000	225.438919	939.320923
310.000000	225.438919	940.566711
311.000000	225.058731	941.812500
312.000000	225.058731	944.304077
313.000000	225.058731	946.795654
314.000000	225.058731	949.287170
315.000000	225.058731	951.778748
316.000000	225.058731	953.024536
317.000000	225.058731	955.516113
318.000000	225.058731	956.761902
319.000000	225.058731	960.499268
320.000000	225.058731	961.745056
321.000000	225.058731	964.236572
322.000000	224.678558	966.728149
323.000000	224.678558	970.465515
324.000000	224.678558	972.957092
325.000000	224.678558	975.448669
326.000000	224.678558	977.940186
327.000000	224.678558	980.431763
328.000000	224.678558	982.923340
329.000000	224.678558	986.660706
330.000000	224.678558	990.398071
331.000000	224.678558	992.889648
332.000000	224.298401	995.381165
333.000000	224.298401	997.872742
334.000000	224.298401	1000.364319
335.000000	224.298401	1002.855896
336.000000	224.298401	1005.347473
337.000000	224.298401	1010.330566
338.000000	224.298401	1015.313721
339.000000	223.918228	1020.296875
340.000000	223.918228	1025.280029
341.000000	223.918228	1031.508911
342.000000	223.918228	1036.492065
343.000000	223.157913	1041.475220
344.000000	223.157913	1046.458374
345.000000	223.157913	1051.441406
346.000000	223.157913	1053.932983
347.000000	223.157913	1053.932983
348.000000	223.157913	1056.424561
349.000000	223.157913	1056.424561
350.000000	223.157913	1056.424561
351.000000	223.157913	1056.424561
352.000000	223.157913	1056.424561
353.000000	223.157913	1056.424561
354.000000	223.157913	1056.424561
355.000000	223.157913	1056.424561
356.000000	223.157913	1056.424561
357.000000	223.157913	1056.424561
358.000000	223.157913	1056.424561
359.000000	223.157913	1056.424561
360.000000	223.157913	1056.424561
361.000000	223.157913	1056.424561
362.000000	223.157913	1056.424561
363.000000	223.157913	1056.424561
364.000000	223.157913	1056.424561
365.000000	223.157913	1056.424561
366.000000	223.157913	1056.424561
367.000000	223.157913	1056.424561
368.000000	223.157913	1056.424561
369.000000	223.157913	1056.424561
370.000000	223.157913	1056.424561
371.000000	223.157913	1056.424561
372.000000	223.157913	1056.424561
373.000000	223.157913	1056.424561
374.000000	223.157913	1056.424561
375.000000	223.157913	1056.424561
376.000000	223.157913	1056.424561
377.000000	223.157913	1056.424561
378.000000	223.157913	1056.424561
379.000000	223.157913	1057.670410
380.000000	223.157913	1057.670410
381.000000	222.777725	1060.161987
382.000000	222.777725	1062.653564
383.000000	222.777725	1066.390869
384.000000	222.777725	1068.882446
385.000000	222.777725	1071.374023
386.000000	222.777725	1075.111328
387.000000	222.777725	1080.094482
388.000000	222.777725	1085.077637
389.000000	222.397552	1090.060791
390.000000	222.397552	1096.289673
391.000000	222.397552	1102.518555
392.000000	222.017395	1108.747559
393.000000	222.017395	1114.976440
394.000000	222.017395	1121.205322
395.000000	222.017395	1128.680054
396.000000	221.637222	1132.417358
397.000000	221.637222	1138.646362
398.000000	221.637222	1141.137817
399.000000	221.637222	1143.629395
400.000000	221.637222	1146.120972
401.000000	221.637222	1148.612549
402.000000	221.637222	1148.612549
403.000000	221.637222	1148.612549
404.000000	221.637222	1148.612549
405.000000	221.637222	1148.612549
406.000000	221.637222	1148.612549
407.000000	221.637222	1148.612549
408.000000	221.637222	1148.612549
409.000000	221.637222	1148.612549
410.000000	221.637222	1148.612549
411.000000	221.637222	1148.612549
412.000000	221.637222	1148.612549
413.000000	221.637222	1151.104126
414.000000	221.637222	1152.349976
415.000000	221.637222	1153.595703
416.000000	221.257065	1156.087280
417.000000	221.257065	1158.578857
418.000000	221.257065	1163.562012
419.000000	221.257065	1166.053589
420.000000	221.257065	1171.036743
421.000000	221.257065	1174.774048
422.000000	221.257065	1178.511353
423.000000	221.257065	1184.740356
424.000000	221.257065	1189.723389
425.000000	221.257065	1194.706543
426.000000	221.257065	1199.689697
427.000000	220.876892	1204.672852
428.000000	220.876892	1210.901733
429.000000	220.496719	1215.884888
430.000000	219.736389	1222.113770
431.000000	219.736389	1228.342773
432.000000	219.356232	1235.817383
433.000000	218.976059	1240.800537
434.000000	218.976059	1248.275269
435.000000	218.595917	1255.750000
436.000000	218.595917	1263.224731
437.000000	218.595917	1271.945190
438.000000	218.595917	1278.174072
439.000000	218.595917	1286.894531
440.000000	218.595917	1296.860840
441.000000	218.595917	1305.581299
442.000000	218.976059	1314.301758
443.000000	218.976059	1326.759644
444.000000	218.595917	1336.725952
445.000000	218.595917	1346.692139
446.000000	218.595917	1359.150024
447.000000	218.215729	1370.362061
448.000000	218.215729	1382.819946
449.000000	217.835556	1395.277710
450.000000	217.455368	1407.735596
451.000000	217.455368	1421.439209
452.000000	216.695053	1433.897095
453.000000	216.695053	1446.354858
454.000000	216.695053	1460.058472
455.000000	215.934723	1472.516357
456.000000	215.934723	1486.219971
457.000000	215.934723	1499.923584
458.000000	215.174393	1513.627197
459.000000	214.794220	1528.576660
460.000000	214.414062	1543.526001
461.000000	214.033890	1557.229614
462.000000	213.653717	1573.424805
463.000000	212.893417	1589.619995
464.000000	212.893417	1604.569458
465.000000	212.893417	1619.518799
466.000000	212.133057	1633.222412
467.000000	212.133057	1649.417603
468.000000	212.133057	1664.367065
469.000000	211.372726	1679.316406
470.000000	211.372726	1693.020020
471.000000	210.992554	1706.723633
472.000000	210.992554	1722.918823
473.000000	210.992554	1736.622437
474.000000	210.992554	1750.326050
475.000000	210.992554	1765.275513
476.000000	210.612396	1777.733398
477.000000	210.232224	1790.191162
478.000000	210.232224	1803.894775
479.000000	209.852051	1813.861084
480.000000	209.852051	1823.827393
481.000000	209.852051	1831.302002
482.000000	209.091721	1836.285156
483.000000	209.091721	1842.514160
484.000000	209.091721	1848.743042
485.000000	209.091721	1851.234619
486.000000	209.091721	1853.726196
487.000000	209.091721	1854.971924
488.000000	209.091721	1854.971924
489.000000	209.091721	1854.971924
490.000000	209.091721	1854.971924
491.000000	209.091721	1854.971924
492.000000	209.091721	1854.971924
493.000000	209.091721	1854.971924
494.000000	209.091721	1854.971924
495.000000	209.091721	1854.971924
496.000000	209.091721	1854.971924
497.000000	209.091721	1854.971924
498.000000	209.091721	1854.971924
499.000000	209.091721	1854.971924
500.000000	209.091721	1854.971924
501.000000	209.091721	1854.971924
502.000000	209.091721	1854.971924
503.000000	209.091721	1854.971924
504.000000	209.091721	1854.971924
505.000000	209.091721	1854.971924
506.000000	209.091721	1854.971924
507.000000	209.091721	1854.971924
508.000000	209.091721	1854.971924
509.000000	209.091721	1854.971924
510.000000	209.091721	1854.971924
511.000000	209.091721	1854.971924
512.000000	209.091721	1854.971924
513.000000	209.091721	1854.971924
514.000000	209.091721	1854.971924
515.000000	209.091721	1854.971924
516.000000	209.091721	1854.971924
517.000000	209.091721	1854.971924
518.000000	209.091721	1854.971924
519.000000	209.091721	1854.971924
520.000000	209.091721	1854.971924
521.000000	209.091721	1854.971924
522.000000	209.091721	1854.971924
523.000000	209.091721	1854.971924
524.000000	209.091721	1854.971924
525.000000	209.091721	1854.971924
526.000000	209.091721	1856.217773
527.000000	209.091721	1858.709351
528.000000	209.091721	1863.692383
529.000000	208.331390	1867.429810
530.000000	208.331390	1872.412964
531.000000	208.331390	1879.887573
532.000000	207.951218	1888.608154
533.000000	207.951218	1897.328613
534.000000	207.571060	1906.049072
535.000000	207.571060	1917.261108
536.000000	207.571060	1927.227417
537.000000	207.190887	1938.439453
538.000000	206.810730	1950.897339
539.000000	206.430557	1962.109375
540.000000	205.670227	1973.321411
541.000000	203.389221	1985.779175
542.000000	200.728058	1996.991333
543.000000	197.306580	2008.203369
544.000000	192.744553	2019.415405
545.000000	186.661880	2030.627441
546.000000	180.199051	2040.593750
547.000000	173.736206	2048.068359
548.000000	166.132874	2058.034668
549.000000	158.529541	2065.509277
550.000000	150.546036	2072.984131
551.000000	143.703033	2080.458740
552.000000	136.099701	2087.933594
553.000000	128.876541	2094.162354
554.000000	122.033531	2101.637207
555.000000	114.810364	2109.111816
556.000000	107.207031	2116.586426
557.000000	99.603691	2124.061279
558.000000	92.380524	2130.290039
559.000000	84.777191	2139.010742
560.000000	78.314354	2145.239502
561.000000	71.851517	2151.468506
562.000000	66.529182	2155.205811
563.000000	62.727516	2160.188965
564.000000	59.686184	2162.680420
565.000000	55.884514	2167.663574
566.000000	52.843182	2170.155273
567.000000	48.661346	2172.646729
568.000000	44.859680	2176.384033
569.000000	40.677845	2180.121582
570.000000	36.115845	2186.350342
571.000000	30.793509	2190.087646
572.000000	25.471174	2196.316650
573.000000	19.388506	2201.299805
574.000000	13.305837	2208.774414
575.000000	6.843002	2213.757568
576.000000	0.000000	2221.232422
577.000000	6.843002	2228.707031
578.000000	13.305837	2233.690186
579.000000	20.529005	2241.164795
580.000000	27.372007	2247.393799
581.000000	34.975342	2256.114258
582.000000	42.578678	2262.343262
583.000000	50.562180	2271.063721
584.000000	58.545681	2277.292725
585.000000	66.909355	2287.258789
586.000000	75.273018	2294.733643
587.000000	83.636688	2302.208252
588.000000	92.000359	2309.683105
589.000000	100.364029	2318.403564
590.000000	108.347527	2325.878174
591.000000	116.331032	2332.107178
592.000000	123.934364	2338.335938
593.000000	132.298035	2345.810791
594.000000	140.281540	2353.285400
595.000000	148.265045	2360.760010
596.000000	156.248535	2366.989014
597.000000	164.232040	2374.463623
598.000000	172.595718	2380.692627
599.000000	180.579208	2389.413086
600.000000	188.942886	2396.887939
601.000000	197.686722	2403.116699
602.000000	205.290054	2409.345703
603.000000	213.653717	2416.820312
604.000000	221.637222	2424.295166
605.000000	229.620728	2433.015625
606.000000	237.984421	2439.244385
607.000000	245.967911	2446.719238
608.000000	253.951401	2452.947998
609.000000	261.934906	2461.668701
610.000000	270.678741	2467.897461
611.000000	278.282074	2475.372314
612.000000	286.265564	2482.846924
613.000000	294.249084	2489.075928
614.000000	301.852417	2496.550537
615.000000	309.455750	2504.025146
616.000000	317.439240	2510.254150
617.000000	324.282257	2518.974609
618.000000	330.745087	2526.449463
619.000000	336.827759	2535.169922
620.000000	342.150085	2543.890381
621.000000	347.852600	2553.856689
622.000000	353.935272	2562.577148
623.000000	359.257599	2571.297607
624.000000	365.340271	2581.263916
625.000000	370.662598	2591.230225
626.000000	376.745270	2601.196289
627.000000	382.447784	2611.162598
628.000000	388.910614	2621.128906
629.000000	395.373444	2631.095215
630.000000	401.456116	2641.061523
631.000000	407.538788	2651.027832
632.000000	412.861115	2660.993896
633.000000	418.183472	2669.714600
634.000000	423.885956	2677.189209
635.000000	429.208282	2687.155518
636.000000	434.910797	2694.630127
637.000000	440.993439	2704.596436
638.000000	446.315796	2714.562744
639.000000	452.018311	2723.283203
640.000000	457.340637	2730.757812
641.000000	462.662964	2740.724121
642.000000	467.985291	2749.444580
643.000000	473.687805	2758.165039
644.000000	488.894470	2781.834961
645.000000	493.836639	2789.309814
646.000000	498.398621	2799.275879
647.000000	501.820129	2807.996582
648.000000	505.621826	2816.717041
649.000000	509.423462	2821.700195
650.000000	512.084656	2827.928955
651.000000	514.745789	2831.666260
652.000000	516.266479	2832.912109
653.000000	517.026794	2835.403809
654.000000	517.026794	2835.403809
655.000000	517.787109	2835.403809
656.000000	517.787109	2835.403809
657.000000	517.787109	2835.403809
658.000000	517.787109	2835.403809
659.000000	518.167297	2837.895264
660.000000	518.547485	2837.895264
661.000000	518.547485	2837.895264
662.000000	518.547485	2837.895264
663.000000	518.547485	2837.895264
664.000000	518.547485	2837.895264
665.000000	518.547485	2837.895264
666.000000	518.547485	2837.895264
667.000000	518.547485	2837.895264
668.000000	518.547485	2837.895264
669.000000	518.547485	2837.895264
670.000000	518.547485	2837.895264
671.000000	518.547485	2837.895264
672.000000	518.547485	2837.895264
673.000000	518.547485	2837.895264
674.000000	518.547485	2837.895264
675.000000	518.547485	2837.895264
676.000000	518.547485	2837.895264
677.000000	518.927612	2837.895264
678.000000	519.307800	2839.141113
679.000000	520.828491	2841.632568
680.000000	522.729309	2844.124268
681.000000	525.390503	2847.861572
682.000000	528.051636	2854.090576
683.000000	531.853333	2860.319336
684.000000	553.522827	2901.430176
685.000000	556.944336	2906.413330
686.000000	559.985657	2912.642334
687.000000	563.026978	2918.871338
688.000000	566.068298	2923.854248
689.000000	569.489807	2930.083252
690.000000	572.911316	2936.312256
691.000000	576.332825	2942.541016
692.000000	580.514648	2950.015869
693.000000	584.316345	2957.490479
694.000000	588.878296	2964.965332
695.000000	593.440308	2973.685791
696.000000	598.382507	2983.651855
697.000000	636.779358	3054.661621
698.000000	643.242188	3065.873779
699.000000	649.324829	3077.085693
700.000000	655.787659	3089.543701
701.000000	661.870361	3100.755615
702.000000	668.713318	3113.213379
703.000000	674.415833	3125.671387
704.000000	679.738159	3138.129150
705.000000	684.300171	3151.832764
706.000000	688.862183	3165.536377
707.000000	692.663879	3181.731689
708.000000	695.705200	3194.189453
709.000000	698.366333	3209.138916
710.000000	701.407715	3224.088135
711.000000	703.688660	3237.791748
712.000000	706.730042	3252.741211
713.000000	709.011047	3267.690674
714.000000	712.052368	3282.640137
715.000000	716.234192	3296.343750
716.000000	720.035889	3311.292969
717.000000	724.597839	3323.750977
718.000000	729.920227	3337.454590
719.000000	736.002869	3349.912354
720.000000	742.845886	3359.878662
721.000000	749.688843	3372.336426
722.000000	756.531860	3386.040039
723.000000	764.135193	3397.252197
724.000000	770.598022	3408.464111
725.000000	777.441040	3418.430420
726.000000	783.903870	3427.150879
727.000000	789.226196	3435.871338
728.000000	794.548523	3444.592041
729.000000	798.730408	3450.820801
730.000000	802.532043	3457.049805
731.000000	805.573364	3462.032959
732.000000	808.614746	3467.016113
733.000000	810.895691	3470.753418
734.000000	812.796570	3473.244873
735.000000	813.937073	3474.490723
736.000000	815.077576	3476.982422
737.000000	815.837891	3476.982422
738.000000	816.218079	3479.473877
739.000000	816.218079	3479.473877
740.000000	816.598206	3479.473877
741.000000	816.218079	3479.473877
742.000000	816.218079	3479.473877
743.000000	816.218079	3479.473877
744.000000	816.218079	3479.473877
745.000000	816.218079	3479.473877
746.000000	816.218079	3479.473877
747.000000	816.218079	3479.473877
748.000000	816.218079	3479.473877
749.000000	816.218079	3479.473877
750.000000	816.218079	3479.473877
751.000000	816.218079	3479.473877
752.000000	816.218079	3479.473877
753.000000	816.218079	3479.473877
754.000000	816.218079	3479.473877
755.000000	816.218079	3479.473877
756.000000	816.218079	3479.473877
757.000000	816.218079	3479.473877
758.000000	816.218079	3479.473877
759.000000	816.218079	3479.473877
760.000000	816.218079	3479.473877
761.000000	816.218079	3479.473877
762.000000	816.218079	3479.473877
763.000000	816.978394	3479.473877
764.000000	818.118896	3481.965332
765.000000	820.019714	3484.457031
766.000000	822.680908	3488.194336
767.000000	825.722229	3491.931641
768.000000	829.523865	3496.914795
769.000000	834.085876	3504.389648
770.000000	839.788391	3509.372803
771.000000	845.871033	3516.847412
772.000000	853.094238	3521.830566
773.000000	861.457886	3528.059326
774.000000	871.722412	3533.042480
775.000000	882.747253	3538.025635
776.000000	894.152222	3540.517334
777.000000	907.077942	3540.517334
778.000000	920.003601	3540.517334
779.000000	932.929260	3540.517334
780.000000	945.474731	3543.008789
781.000000	957.640076	3544.254639
782.000000	968.664917	3545.500488
783.000000	979.689758	3550.483643
784.000000	990.714600	3554.220947
785.000000	1001.359253	3559.204102
786.000000	1012.003967	3565.432861
787.000000	1023.408936	3571.661865
788.000000	1034.813965	3580.382324
789.000000	1046.599121	3589.102783
790.000000	1058.764404	3596.577637
791.000000	1070.549683	3602.806396
792.000000	1082.334839	3609.035400
793.000000	1094.119995	3616.510010
794.000000	1105.525024	3623.984863
795.000000	1117.690308	3628.968018
796.000000	1129.855591	3635.196777
797.000000	1142.781250	3642.671631
798.000000	1155.326782	3647.654785
799.000000	1168.632690	3652.637695
800.000000	1182.318604	3657.620850
801.000000	1196.384766	3663.849854
802.000000	1210.451050	3670.078857
803.000000	1224.517212	3675.062012
804.000000	1238.583374	3681.290771
805.000000	1252.269287	3686.273926
806.000000	1265.194946	3693.748779
807.000000	1276.980225	3703.714844
808.000000	1288.005005	3712.435547
809.000000	1297.889404	3722.401611
810.000000	1307.773682	3732.367920
811.000000	1317.277832	3743.580078
812.000000	1327.922485	3752.300537
813.000000	1338.947388	3759.775146
814.000000	1350.352417	3767.250000
815.000000	1362.897827	3772.233154
816.000000	1375.443359	3774.724609
817.000000	1387.988892	3778.461914
818.000000	1401.294678	3778.461914
819.000000	1414.220337	3777.216064
820.000000	1426.385742	3773.478760
821.000000	1438.551025	3769.741455
822.000000	1451.096558	3764.758301
823.000000	1462.881714	3762.266846
824.000000	1475.047119	3757.283691
825.000000	1487.972778	3754.791992
826.000000	1501.278564	3752.300537
827.000000	1514.584351	3749.808838
828.000000	1528.270386	3749.808838
829.000000	1542.336548	3749.808838
830.000000	1556.402710	3749.808838
831.000000	1569.708618	3752.300537
832.000000	1583.774780	3757.283691
833.000000	1597.080566	3762.266846
834.000000	1610.006226	3768.495605
835.000000	1622.931885	3773.478760
836.000000	1636.237793	3780.953613
837.000000	1649.163452	3787.182373
838.000000	1662.469238	3794.657227
839.000000	1676.155273	3802.131836
840.000000	1690.221436	3807.114990
841.000000	1703.527344	3810.852295
842.000000	1717.593506	3815.835449
843.000000	1731.659668	3818.327148
844.000000	1745.725830	3820.818604
845.000000	1758.651489	3823.310059
846.000000	1771.957275	3823.310059
847.000000	1783.742432	3823.310059
848.000000	1793.626831	3825.801758
849.000000	1803.130981	3825.801758
850.000000	1811.114502	3828.293213
851.000000	1818.337646	3829.539062
852.000000	1824.420288	3830.784912
853.000000	1829.362549	3832.030762
854.000000	1833.924438	3833.276367
855.000000	1838.106323	3833.276367
856.000000	1841.907959	3835.768066
857.000000	1844.949341	3835.768066
858.000000	1847.230347	3838.259521
859.000000	1849.511353	3838.259521
860.000000	1850.651855	3839.505371
861.000000	1851.412109	3839.505371
862.000000	1852.172485	3839.505371
863.000000	1852.932861	3839.505371
864.000000	1852.932861	3839.505371
865.000000	1852.932861	3839.505371
866.000000	1852.932861	3839.505371
867.000000	1852.932861	3839.505371
868.000000	1852.932861	3839.505371
869.000000	1852.932861	3839.505371
870.000000	1852.932861	3840.751221
871.000000	1852.932861	3840.751221
872.000000	1852.932861	3840.751221
873.000000	1852.932861	3840.751221
874.000000	1852.932861	3840.751221
875.000000	1852.932861	3840.751221
876.000000	1852.932861	3840.751221
877.000000	1852.932861	3840.751221
878.000000	1852.932861	3840.751221
879.000000	1852.932861	3840.751221
880.000000	1852.932861	3840.751221
881.000000	1852.932861	3840.751221
882.000000	1852.932861	3840.751221
883.000000	1852.932861	3840.751221
884.000000	1852.932861	3840.751221
885.000000	1852.932861	3840.751221
886.000000	1852.932861	3840.751221
887.000000	1852.932861	3840.751221
888.000000	1852.932861	3840.751221
889.000000	1852.932861	3840.751221
890.000000	1852.932861	3840.751221
891.000000	1852.172485	3840.751221
892.000000	1852.172485	3840.751221
893.000000	1852.172485	3840.751221
894.000000	1852.172485	3840.751221
895.000000	1852.172485	3840.751221
896.000000	1852.172485	3840.751221
897.000000	1852.172485	3840.751221
898.000000	1852.172485	3840.751221
899.000000	1852.932861	3840.751221
900.000000	1854.073364	3840.751221
901.000000	1855.974121	3841.996826
902.000000	1859.015503	3843.242676
903.000000	1862.437012	3844.488525
904.000000	1867.379150	3846.979980
905.000000	1873.081665	3851.963135
906.000000	1880.304810	3855.700439
907.000000	1888.668457	3859.437988
908.000000	1897.032227	3865.666748
909.000000	1905.776001	3869.404053
