0.000000	-0.000010	0.000546
0.010000	-0.000002	0.001679
0.020000	-0.000029	0.003329
0.030000	-0.000069	0.005519
0.040000	-0.000095	0.008247
0.050000	-0.000130	0.011519
0.060000	-0.000173	0.015373
0.070000	-0.000259	0.019800
0.080000	-0.000354	0.024780
0.090000	-0.000472	0.030310
0.100000	-0.000626	0.036364
0.110000	-0.000747	0.043009
0.120000	-0.000846	0.050216
0.130000	-0.000946	0.058019
0.140000	-0.001093	0.066355
0.150000	-0.001297	0.075227
0.160000	-0.001480	0.084667
0.170000	-0.001670	0.094647
0.180000	-0.001827	0.105186
0.190000	-0.002001	0.116284
0.200000	-0.002166	0.127943
0.210000	-0.002315	0.140157
0.220000	-0.002440	0.152928
0.230000	-0.002587	0.166233
0.240000	-0.002728	0.180132
0.250000	-0.002879	0.194584
0.260000	-0.003020	0.209595
0.270000	-0.003132	0.225157
0.280000	-0.003240	0.241295
0.290000	-0.003358	0.257986
0.300000	-0.003477	0.275233
0.310000	-0.003572	0.293050
0.320000	-0.003625	0.311407
0.330000	-0.003719	0.330287
0.340000	-0.003806	0.349723
0.350000	-0.003874	0.369720
0.360000	-0.003953	0.390272
0.370000	-0.004060	0.411375
0.380000	-0.004168	0.433015
0.390000	-0.004279	0.455226
0.400000	-0.004393	0.478003
0.410000	-0.004520	0.501325
0.420000	-0.004651	0.525189
0.430000	-0.004802	0.549590
0.440000	-0.004943	0.574554
0.450000	-0.005098	0.600074
0.460000	-0.005276	0.626164
0.470000	-0.005483	0.652820
0.480000	-0.005713	0.680043
0.490000	-0.005951	0.707802
0.500000	-0.006184	0.736123
0.510000	-0.006414	0.764970
0.520000	-0.006618	0.794358
0.530000	-0.006843	0.824317
0.540000	-0.007079	0.854816
0.550000	-0.007335	0.885884
0.560000	-0.007579	0.917538
0.570000	-0.007799	0.949741
0.580000	-0.008027	0.982490
0.590000	-0.008259	1.015784
0.600000	-0.008494	1.049605
0.610000	-0.008738	1.083974
0.620000	-0.008946	1.118902
0.630000	-0.009129	1.154373
0.640000	-0.009322	1.190404
0.650000	-0.009514	1.227028
0.660000	-0.009690	1.264269
0.670000	-0.009859	1.302083
0.680000	-0.010004	1.340458
0.690000	-0.010142	1.379406
0.700000	-0.010278	1.418881
0.710000	-0.010436	1.458893
0.720000	-0.010567	1.499470
0.730000	-0.010715	1.540561
0.740000	-0.010878	1.582211
0.750000	-0.011071	1.624435
0.760000	-0.011274	1.667218
0.770000	-0.011448	1.710590
0.780000	-0.011602	1.754532
0.790000	-0.011734	1.799050
0.800000	-0.011849	1.844131
0.810000	-0.011990	1.889766
0.820000	-0.012116	1.935970
0.830000	-0.012241	1.982792
0.840000	-0.012360	2.030180
0.850000	-0.012443	2.078126
0.860000	-0.012507	2.126615
0.870000	-0.012600	2.175627
0.880000	-0.012689	2.225211
0.890000	-0.012772	2.275319
0.900000	-0.012863	2.325979
0.910000	-0.012934	2.377242
0.920000	-0.013038	2.429025
0.930000	-0.013124	2.481327
0.940000	-0.013223	2.534204
0.950000	-0.013325	2.587646
0.960000	-0.013442	2.641672
0.970000	-0.013546	2.696231
0.980000	-0.013643	2.751324
0.990000	-0.013750	2.806962
1.000000	-0.013859	2.863193
1.010000	-0.013964	2.919969
1.020000	-0.014111	2.977308
1.030000	-0.014276	3.035192
1.040000	-0.014440	3.093624
1.050000	-0.014596	3.152623
1.060000	-0.014748	3.212194
1.070000	-0.014910	3.272328
1.080000	-0.015080	3.333013
1.090000	-0.015276	3.394235
1.100000	-0.015463	3.455964
1.110000	-0.015630	3.518235
1.120000	-0.015807	3.581076
1.130000	-0.015971	3.644489
1.140000	-0.016151	3.708471
1.150000	-0.016326	3.772984
1.160000	-0.016509	3.838058
1.170000	-0.016741	3.903675
1.180000	-0.016984	3.969831
1.190000	-0.017210	4.036527
1.200000	-0.017464	4.103766
1.210000	-0.017741	4.171570
1.220000	-0.018027	4.239947
1.230000	-0.018339	4.308891
1.240000	-0.018673	4.378387
1.250000	-0.018963	4.448418
1.260000	-0.019218	4.519009
1.270000	-0.019464	4.590163
1.280000	-0.019689	4.661871
1.290000	-0.019899	4.734141
1.300000	-0.020089	4.806961
1.310000	-0.020297	4.880334
1.320000	-0.020488	4.954277
1.330000	-0.020689	5.028758
1.340000	-0.020909	5.103825
1.350000	-0.021107	5.179460
1.360000	-0.021288	5.255670
1.370000	-0.021466	5.332427
1.380000	-0.021648	5.409702
1.390000	-0.021800	5.487523
1.400000	-0.021975	5.565866
1.410000	-0.022147	5.644731
1.420000	-0.022309	5.724157
1.430000	-0.022471	5.804154
1.440000	-0.022627	5.884716
1.450000	-0.022786	5.965806
1.460000	-0.022951	6.047485
1.470000	-0.023107	6.129704
1.480000	-0.023289	6.212477
1.490000	-0.023466	6.295817
1.500000	-0.023608	6.379707
1.510000	-0.023759	6.464168
1.520000	-0.023885	6.549158
1.530000	-0.024024	6.634701
1.540000	-0.024111	6.720807
1.550000	-0.024207	6.807456
1.560000	-0.024305	6.894651
1.570000	-0.024411	6.982433
1.580000	-0.024496	7.070769
1.590000	-0.024554	7.159655
1.600000	-0.024618	7.249091
1.610000	-0.024667	7.339122
1.620000	-0.024724	7.429655
1.630000	-0.024758	7.520736
1.640000	-0.024782	7.612383
1.650000	-0.024820	7.704619
1.660000	-0.024861	7.797421
1.670000	-0.024944	7.890779
1.680000	-0.025058	7.984720
1.690000	-0.025177	8.079270
1.700000	-0.025306	8.174350
1.710000	-0.025442	8.270018
1.720000	-0.025584	8.366274
1.730000	-0.025691	8.463095
1.740000	-0.025780	8.560406
1.750000	-0.025885	8.658229
1.760000	-0.025967	8.756610
1.770000	-0.026063	8.855577
1.780000	-0.026155	8.955086
1.790000	-0.026246	9.055142
1.800000	-0.026338	9.155752
1.810000	-0.026426	9.256917
1.820000	-0.026528	9.358652
1.830000	-0.026608	9.460916
1.840000	-0.026686	9.563721
1.850000	-0.026775	9.667067
1.860000	-0.026866	9.770962
1.870000	-0.026956	9.875394
1.880000	-0.027043	9.980391
1.890000	-0.027109	10.085941
1.900000	-0.027174	10.192047
1.910000	-0.027227	10.298712
1.920000	-0.027300	10.405941
1.930000	-0.027311	10.513714
1.940000	-0.027322	10.622075
1.950000	-0.027324	10.730965
1.960000	-0.027360	10.840403
1.970000	-0.027391	10.950355
1.980000	-0.027445	11.060853
1.990000	-0.027486	11.171933
2.000000	-0.025917	11.283026
2.010000	-0.022742	11.394069
2.020000	-0.017956	11.505015
2.030000	-0.011541	11.615836
2.040000	-0.003510	11.726531
2.050000	0.006134	11.837057
2.060000	0.017392	11.947387
2.070000	0.030278	12.057530
2.080000	0.044761	12.167472
2.090000	0.060862	12.277137
2.100000	0.078577	12.386550
2.110000	0.097879	12.495691
2.120000	0.118806	12.604529
2.130000	0.141321	12.712993
2.140000	0.165412	12.821106
2.150000	0.191083	12.928845
2.160000	0.218315	13.036177
2.170000	0.247102	13.143092
2.180000	0.277458	13.249574
2.190000	0.309379	13.355593
2.200000	0.342836	13.461108
2.210000	0.377810	13.566134
2.220000	0.414288	13.670654
2.230000	0.452254	13.774667
2.240000	0.491719	13.878100
2.250000	0.532706	13.980918
2.260000	0.575164	14.083140
2.270000	0.619095	14.184737
2.280000	0.664519	14.285655
2.290000	0.711410	14.385895
2.300000	0.759787	14.485378
2.310000	0.809598	14.584144
2.320000	0.860862	14.682147
2.330000	0.913559	14.779366
2.340000	0.967636	14.875816
2.350000	1.023130	14.971446
2.360000	1.080029	15.066215
2.370000	1.138286	15.160141
2.380000	1.197878	15.253228
2.390000	1.258814	15.345428
2.400000	1.321077	15.436720
2.410000	1.384664	15.527073
2.420000	1.449576	15.616458
2.430000	1.515793	15.704862
2.440000	1.583292	15.792274
2.450000	1.652043	15.878690
2.460000	1.722041	15.964086
2.470000	1.793255	16.048450
2.480000	1.865687	16.131754
2.490000	1.939308	16.213984
2.500000	2.014122	16.295103
2.510000	2.090135	16.375078
2.520000	2.167299	16.453920
2.530000	2.245572	16.531637
2.540000	2.324963	16.608189
2.550000	2.405475	16.683535
2.560000	2.487069	16.757683
2.570000	2.569714	16.830629
2.580000	2.653412	16.902346
2.590000	2.738150	16.972807
2.600000	2.823912	17.041998
2.610000	2.910681	17.109907
2.620000	2.998399	17.176550
2.630000	3.087075	17.241884
2.640000	3.176692	17.305899
2.650000	3.267226	17.368572
2.660000	3.358659	17.429892
2.670000	3.450971	17.489855
2.680000	3.544181	17.548410
2.690000	3.638236	17.605581
2.700000	3.733103	17.661354
2.710000	3.828772	17.715721
2.720000	3.925215	17.768684
2.730000	4.022394	17.820225
2.740000	4.120321	17.870317
2.750000	4.218931	17.918993
2.760000	4.318259	17.966166
2.770000	4.418244	18.011862
2.780000	4.518864	18.056078
2.790000	4.620095	18.098816
2.800000	4.721941	18.140041
2.810000	4.824347	18.179770
2.820000	4.927324	18.217985
2.830000	5.030827	18.254692
2.840000	5.134855	18.289852
2.850000	5.239375	18.323483
2.860000	5.344372	18.355566
2.870000	5.449836	18.386086
2.880000	5.555738	18.415014
2.890000	5.662045	18.442425
2.900000	5.768763	18.468260
2.910000	5.875853	18.492496
2.920000	5.983259	18.515192
2.930000	6.090962	18.536310
2.940000	6.198956	18.555819
2.950000	6.307208	18.573738
2.960000	6.415733	18.590067
2.970000	6.524457	18.604818
2.980000	6.633362	18.617960
2.990000	6.742472	18.629484
3.000000	6.851693	18.639408
3.010000	6.961056	18.647739
3.020000	7.070550	18.654470
3.030000	7.180114	18.659565
3.040000	7.289730	18.663031
3.050000	7.399421	18.664911
3.060000	7.509138	18.665171
3.070000	7.618833	18.663813
3.080000	7.728481	18.660814
3.090000	7.838036	18.656189
3.100000	7.947520	18.649935
3.110000	8.056871	18.642071
3.120000	8.166109	18.632595
3.130000	8.275223	18.621510
3.140000	8.384163	18.608810
3.150000	8.492907	18.594482
3.160000	8.601435	18.578588
3.170000	8.709720	18.561090
3.180000	8.817726	18.541962
3.190000	8.925462	18.521244
3.200000	9.032885	18.498943
3.210000	9.139963	18.475037
3.220000	9.246691	18.449518
3.230000	9.353003	18.422445
3.240000	9.458928	18.393843
3.250000	9.564404	18.363672
3.260000	9.669425	18.331940
3.270000	9.773976	18.298685
3.280000	9.878030	18.263889
3.290000	9.981549	18.227575
3.300000	10.084527	18.189751
3.310000	10.186912	18.150431
3.320000	10.288692	18.109598
3.330000	10.389861	18.067301
3.340000	10.490415	18.023529
3.350000	10.590322	17.978296
3.360000	10.689527	17.931601
3.370000	10.788058	17.883467
3.380000	10.885852	17.833862
3.390000	10.982919	17.782837
3.400000	11.079198	17.730366
3.410000	11.174656	17.676453
3.420000	11.269304	17.621134
3.430000	11.363094	17.564394
3.440000	11.456018	17.506256
3.450000	11.548075	17.446753
3.460000	11.639241	17.385899
3.470000	11.729495	17.323692
3.480000	11.818827	17.260166
3.490000	11.907220	17.195332
3.500000	11.994637	17.129173
3.510000	12.081075	17.061731
3.520000	12.166516	16.993015
3.530000	12.250905	16.923006
3.540000	12.334253	16.851749
3.550000	12.416567	16.779284
3.560000	12.497815	16.705614
3.570000	12.577962	16.630737
3.580000	12.657003	16.554682
3.590000	12.734932	16.477474
3.600000	12.811726	16.399124
3.610000	12.887349	16.319632
3.620000	12.961794	16.239017
3.630000	13.035037	16.157290
3.640000	13.107069	16.074478
3.650000	13.177862	15.990583
3.660000	13.247405	15.905627
3.670000	13.315703	15.819652
3.680000	13.382724	15.732654
3.690000	13.448479	15.644673
3.700000	13.512950	15.555727
3.710000	13.576143	15.465856
3.720000	13.638009	15.375052
3.730000	13.698533	15.283336
3.740000	13.757691	15.190707
3.750000	13.815486	15.097178
3.760000	13.871929	15.002810
3.770000	13.927012	14.907633
3.780000	13.980712	14.811649
3.790000	14.032998	14.714854
3.800000	14.083893	14.617306
3.810000	14.133359	14.519010
3.820000	14.181356	14.419969
3.830000	14.227915	14.320233
3.840000	14.272972	14.219774
3.850000	14.316542	14.118621
3.860000	14.358660	14.016851
3.870000	14.399251	13.914458
3.880000	14.438363	13.811506
3.890000	14.475960	13.707948
3.900000	14.512033	13.603840
3.910000	14.546576	13.499222
3.920000	14.579582	13.394102
3.930000	14.611053	13.288490
3.940000	14.640985	13.182403
3.950000	14.669345	13.075869
3.960000	14.696125	12.968929
3.970000	14.721344	12.861625
3.980000	14.744991	12.753963
3.990000	14.767072	12.645906
4.000000	14.787586	12.537515
4.010000	14.806542	12.428810
4.020000	14.823890	12.319793
4.030000	14.839688	12.210545
4.040000	14.853901	12.101069
4.050000	14.866516	11.991380
4.060000	14.877496	11.881457
4.070000	14.886889	11.771342
4.080000	14.894689	11.661057
4.090000	14.900865	11.550649
4.100000	14.905407	11.440145
4.110000	14.908319	11.329546
4.120000	14.909599	11.218899
4.130000	14.909259	11.108217
4.140000	14.907266	10.997517
4.150000	14.903655	10.886828
4.160000	14.898439	10.776212
4.170000	14.891583	10.665676
4.180000	14.883170	10.555219
4.190000	14.873158	10.444894
4.200000	14.861551	10.334695
4.210000	14.848340	10.224658
4.220000	14.833523	10.114820
4.230000	14.817123	10.005180
4.240000	14.799121	9.895752
4.250000	14.779542	9.786541
4.260000	14.758369	9.677636
4.270000	14.735610	9.569022
4.280000	14.711282	9.460702
4.290000	14.685370	9.352735
4.300000	14.657877	9.245134
4.310000	14.628804	9.137922
4.320000	14.598227	9.031077
4.330000	14.566115	8.924642
4.340000	14.532447	8.818668
4.350000	14.497237	8.713161
4.360000	14.460466	8.608150
4.370000	14.422183	8.503616
4.380000	14.382367	8.399639
4.390000	14.341035	8.296250
4.400000	14.298205	8.193448
4.410000	14.253862	8.091254
4.420000	14.208028	7.989693
4.430000	14.160718	7.888794
4.440000	14.111959	7.788564
4.450000	14.061774	7.689001
4.460000	14.010140	7.590147
4.470000	13.957084	7.492021
4.480000	13.902611	7.394655
4.490000	13.846702	7.298089
4.500000	13.789442	7.202263
4.510000	13.730811	7.107227
4.520000	13.670789	7.013054
4.530000	13.609409	6.919730
4.540000	13.546659	6.827299
4.550000	13.482580	6.735750
4.560000	13.417161	6.645133
4.570000	13.350415	6.555468
4.580000	13.282336	6.466800
4.590000	13.212999	6.379092
4.600000	13.142374	6.292400
4.610000	13.070466	6.206751
4.620000	12.997295	6.122169
4.630000	12.922901	6.038643
4.640000	12.847296	5.956193
4.650000	12.770458	5.874874
4.660000	12.692440	5.794667
4.670000	12.613247	5.715603
4.680000	12.532947	5.637650
4.690000	12.451541	5.560840
4.700000	12.368989	5.485243
4.710000	12.285329	5.410860
4.720000	12.200596	5.337683
4.730000	12.114838	5.265706
4.740000	12.028027	5.194983
4.750000	11.940224	5.125488
4.760000	11.851391	5.057291
4.770000	11.761600	4.990352
4.780000	11.670840	4.924715
4.790000	11.579129	4.860397
4.800000	11.486514	4.797370
4.810000	11.392993	4.735685
4.820000	11.298621	4.675328
4.830000	11.203390	4.616322
4.840000	11.107320	4.558696
4.850000	11.010429	4.502450
4.860000	10.912724	4.447618
4.870000	10.814254	4.394186
4.880000	10.715000	4.342189
4.890000	10.615000	4.291659
4.900000	10.514268	4.242586
4.910000	10.412806	4.195001
4.920000	10.310693	4.148855
4.930000	10.207894	4.104236
4.940000	10.104448	4.061106
4.950000	10.000394	4.019467
4.960000	9.895749	3.979352
4.970000	9.790544	3.940758
4.980000	9.684803	3.903659
4.990000	9.578507	3.868091
5.000000	9.471693	3.834054
5.010000	9.364387	3.801548
5.020000	9.256611	3.770615
5.030000	9.148403	3.741217
5.040000	9.039781	3.713392
5.050000	8.930792	3.687136
5.060000	8.821431	3.662468
5.070000	8.711765	3.639362
5.080000	8.601752	3.617854
5.090000	8.491448	3.597927
5.100000	8.380867	3.579594
5.110000	8.270020	3.562846
5.120000	8.158953	3.547704
5.130000	8.047632	3.534180
5.140000	7.936153	3.522238
5.150000	7.824500	3.511890
5.160000	7.712705	3.503143
5.170000	7.600765	3.495980
5.180000	7.488737	3.490436
5.190000	7.376636	3.486484
5.200000	7.264477	3.484190
5.210000	7.152307	3.483505
5.220000	7.040122	3.484435
5.230000	6.927957	3.486954
5.240000	6.815831	3.491085
5.250000	6.703759	3.496833
5.260000	6.591782	3.504199
5.270000	6.479923	3.513183
5.280000	6.368250	3.523813
5.290000	6.256720	3.536039
5.300000	6.145380	3.549900
5.310000	6.034262	3.565382
5.320000	5.923382	3.582458
5.330000	5.812776	3.601136
5.340000	5.702419	3.621403
5.350000	5.592359	3.643269
5.360000	5.482566	3.666690
5.370000	5.373129	3.691696
5.380000	5.264078	3.718268
5.390000	5.155409	3.746408
5.400000	5.047146	3.776100
5.410000	4.939319	3.807360
5.420000	4.831925	3.840145
5.430000	4.725038	3.874496
5.440000	4.618660	3.910394
5.450000	4.512836	3.947826
5.460000	4.407566	3.986785
5.470000	4.302853	4.027247
5.480000	4.198761	4.069232
5.490000	4.095297	4.112708
5.500000	3.992477	4.157666
5.510000	3.890333	4.204095
5.520000	3.788884	4.252007
5.530000	3.688137	4.301360
5.540000	3.588124	4.352166
5.550000	3.488862	4.404422
5.560000	3.390359	4.458080
5.570000	3.292647	4.513149
5.580000	3.195766	4.569637
5.590000	3.099708	4.627522
5.600000	3.004519	4.686792
5.610000	2.910199	4.747422
5.620000	2.816814	4.809444
5.630000	2.724364	4.872836
5.640000	2.632847	4.937563
5.650000	2.542310	5.003631
5.660000	2.452750	5.071002
5.670000	2.364176	5.139661
5.680000	2.276587	5.209565
5.690000	2.190012	5.280718
5.700000	2.104484	5.353126
5.710000	2.020013	5.426760
5.720000	1.936627	5.501621
5.730000	1.854323	5.577673
5.740000	1.773109	5.654887
5.750000	1.693062	5.733303
5.760000	1.614167	5.812874
5.770000	1.536444	5.893585
5.780000	1.459914	5.975425
5.790000	1.384562	6.058345
5.800000	1.310388	6.142315
5.810000	1.237439	6.227345
5.820000	1.165729	6.313424
5.830000	1.095270	6.400525
5.840000	1.026052	6.488606
5.850000	0.958089	6.577643
5.860000	0.891443	6.667665
5.870000	0.826109	6.758648
5.880000	0.762091	6.850576
5.890000	0.699408	6.943418
5.900000	0.638045	7.037143
5.910000	0.578056	7.131744
5.920000	0.519452	7.227211
5.930000	0.462240	7.323500
5.940000	0.406441	7.420619
5.950000	0.352051	7.518543
5.960000	0.299092	7.617260
5.970000	0.247547	7.716712
5.980000	0.197415	7.816883
5.990000	0.148756	7.917774
6.000000	0.101536	8.019323
6.010000	0.055770	8.121518
6.020000	0.011472	8.224342
6.030000	-0.031325	8.327786
6.040000	-0.072622	8.431831
6.050000	-0.112448	8.536418
6.060000	-0.150752	8.641580
6.070000	-0.187531	8.747283
6.080000	-0.222769	8.853484
6.090000	-0.256488	8.960155
6.100000	-0.288666	9.067311
6.110000	-0.319303	9.174902
6.120000	-0.348388	9.282880
6.130000	-0.375891	9.391262
6.140000	-0.401829	9.500008
6.150000	-0.426211	9.609095
6.160000	-0.448999	9.718517
6.170000	-0.470160	9.828254
6.180000	-0.489705	9.938318
6.190000	-0.507664	10.048644
6.200000	-0.524042	10.159171
6.210000	-0.538796	10.269897
6.220000	-0.551950	10.380791
6.230000	-0.563489	10.491863
6.240000	-0.573388	10.603087
6.250000	-0.581670	10.714446
6.260000	-0.588347	10.825886
6.270000	-0.593421	10.937405
6.280000	-0.596858	11.048993
6.290000	-0.598692	11.160625
6.300000	-0.598900	11.272242
6.310000	-0.597475	11.383847
6.320000	-0.594454	11.495456
6.330000	-0.589831	11.606952
6.340000	-0.583576	11.718386
6.350000	-0.575729	11.829758
6.360000	-0.566302	11.940981
6.370000	-0.555280	12.052017
6.380000	-0.542603	12.162848
6.390000	-0.528328	12.273461
6.400000	-0.512469	12.383846
6.410000	-0.495030	12.493982
6.420000	-0.476026	12.603842
6.430000	-0.455445	12.713406
6.440000	-0.433272	12.822619
6.450000	-0.409528	12.931496
6.460000	-0.384243	13.040039
6.470000	-0.357340	13.148170
6.480000	-0.328870	13.255888
6.490000	-0.298817	13.363144
6.500000	-0.267208	13.469940
6.510000	-0.234062	13.576225
6.520000	-0.199353	13.681997
6.530000	-0.163102	13.787213
6.540000	-0.125326	13.891882
6.550000	-0.086033	13.995993
6.560000	-0.045232	14.099544
6.570000	-0.002909	14.202469
6.580000	0.040926	14.304750
6.590000	0.086227	14.406384
6.600000	0.132987	14.507327
6.610000	0.181212	14.607573
6.620000	0.230903	14.707074
6.630000	0.282026	14.805862
6.640000	0.334646	14.903841
6.650000	0.388683	15.001045
6.660000	0.444149	15.097418
6.670000	0.501040	15.192926
6.680000	0.559316	15.287592
6.690000	0.618989	15.381373
6.700000	0.680026	15.474257
6.710000	0.742430	15.566217
6.720000	0.806172	15.657249
6.730000	0.871222	15.747348
6.740000	0.937589	15.836467
6.750000	1.005265	15.924580
6.760000	1.074205	16.011713
6.770000	1.144375	16.097862
6.780000	1.215826	16.182943
6.790000	1.288494	16.266989
6.800000	1.362358	16.349985
6.810000	1.437461	16.431862
6.820000	1.513745	16.512642
6.830000	1.591202	16.592297
6.840000	1.669838	16.670788
6.850000	1.749591	16.748144
6.860000	1.830465	16.824327
6.870000	1.912418	16.899347
6.880000	1.995461	16.973162
6.890000	2.079548	17.045776
6.900000	2.164673	17.117159
6.910000	2.250808	17.187315
6.920000	2.337944	17.256220
6.930000	2.426062	17.323849
6.940000	2.515170	17.390160
6.950000	2.605249	17.455149
6.960000	2.696267	17.518818
6.970000	2.788204	17.581137
6.980000	2.881054	17.642090
6.990000	2.974793	17.701656
7.000000	3.069384	17.759848
7.010000	3.164842	17.816631
7.020000	3.261112	17.872015
7.030000	3.358169	17.925991
7.040000	3.455999	17.978550
7.050000	3.554582	18.029650
7.060000	3.653894	18.079304
7.070000	3.753919	18.127487
7.080000	3.854648	18.174206
7.090000	3.956010	18.219482
7.100000	4.058011	18.263302
7.110000	4.160625	18.305634
7.120000	4.263840	18.346481
7.130000	4.367639	18.385803
7.140000	4.471989	18.423605
7.150000	4.576886	18.459873
7.160000	4.682307	18.494614
7.170000	4.788218	18.527817
7.180000	4.894563	18.559498
7.190000	5.001352	18.589645
7.200000	5.108547	18.618216
7.210000	5.216168	18.645208
7.220000	5.324146	18.670635
7.230000	5.432484	18.694471
7.240000	5.541109	18.716721
7.250000	5.650048	18.737429
7.260000	5.759289	18.756514
7.270000	5.868785	18.773985
7.280000	5.978537	18.789845
7.290000	6.088509	18.804089
7.300000	6.198669	18.816727
7.310000	6.308982	18.827763
7.320000	6.419452	18.837130
7.330000	6.530051	18.844883
7.340000	6.640769	18.851015
7.350000	6.751566	18.855530
7.360000	6.862412	18.858366
7.370000	6.973265	18.859581
7.380000	7.084116	18.859156
7.390000	7.194957	18.857086
7.400000	7.305765	18.853390
7.410000	7.416521	18.848068
7.420000	7.527198	18.841160
7.430000	7.637801	18.832661
7.440000	7.748260	18.822525
7.450000	7.858547	18.810747
7.460000	7.968665	18.797369
7.470000	8.078582	18.782375
7.480000	8.188293	18.765753
7.490000	8.297703	18.747534
7.500000	8.406870	18.727730
7.510000	8.515719	18.706331
7.520000	8.624227	18.683350
7.530000	8.732385	18.658785
7.540000	8.840175	18.632669
7.550000	8.947598	18.604986
7.560000	9.054605	18.575733
7.570000	9.161196	18.544937
7.580000	9.267288	18.512541
7.590000	9.372886	18.478584
7.600000	9.477992	18.443079
7.610000	9.582623	18.406080
7.620000	9.686730	18.367579
7.630000	9.790243	18.327539
7.640000	9.893164	18.286003
7.650000	9.995473	18.242975
7.660000	10.097117	18.198437
7.670000	10.198099	18.152420
7.680000	10.298370	18.104919
7.690000	10.397919	18.055984
7.700000	10.496714	18.005575
7.710000	10.594733	17.953726
7.720000	10.691985	17.900465
7.730000	10.788451	17.845787
7.740000	10.884078	17.789688
7.750000	10.978899	17.732214
7.760000	11.072859	17.673355
7.770000	11.165908	17.613092
7.780000	11.258058	17.551455
7.790000	11.349267	17.488468
7.800000	11.439585	17.424192
7.810000	11.528952	17.358595
7.820000	11.617360	17.291702
7.830000	11.704762	17.223511
7.840000	11.791164	17.154064
7.850000	11.876550	17.083374
7.860000	11.960855	17.011415
7.870000	12.044118	16.938251
7.880000	12.126307	16.863892
7.890000	12.207434	16.788382
7.900000	12.287398	16.711651
7.910000	12.366239	16.633770
7.920000	12.443957	16.554777
7.930000	12.520487	16.474636
7.940000	12.595830	16.393389
7.950000	12.669975	16.311050
7.960000	12.742884	16.227615
7.970000	12.814556	16.143116
7.980000	12.885022	16.057610
7.990000	12.954238	15.971089
8.000000	13.022179	15.883571
8.010000	13.088839	15.795081
8.020000	13.154156	15.705596
8.030000	13.218177	15.615186
8.040000	13.280832	15.523834
8.050000	13.342167	15.431590
8.060000	13.402158	15.338469
8.070000	13.460784	15.244475
8.080000	13.518029	15.149642
8.090000	13.573885	15.053981
8.100000	13.628334	14.957511
8.110000	13.681376	14.860270
8.120000	13.732975	14.762257
8.130000	13.783115	14.663486
8.140000	13.831787	14.563955
8.150000	13.879011	14.463731
8.160000	13.924774	14.362844
8.170000	13.969081	14.261326
8.180000	14.011930	14.159198
8.190000	14.053293	14.056453
8.200000	14.093177	13.953123
8.210000	14.131517	13.849202
8.220000	14.168332	13.744712
8.230000	14.203615	13.639673
8.240000	14.237365	13.534115
8.250000	14.269598	13.428054
8.260000	14.300270	13.321532
8.270000	14.329427	13.214605
8.280000	14.357014	13.107264
8.290000	14.383040	12.999540
8.300000	14.407494	12.891438
8.310000	14.430350	12.782982
8.320000	14.451632	12.674241
8.330000	14.471330	12.565203
8.340000	14.489419	12.455905
8.350000	14.505877	12.346363
8.360000	14.520742	12.236567
8.370000	14.534016	12.126599
8.380000	14.545727	12.016467
8.390000	14.555838	11.906172
8.400000	14.564337	11.795780
8.410000	14.571239	11.685342
8.420000	14.576549	11.574803
8.430000	14.580221	11.464202
8.440000	14.582252	11.353560
8.450000	14.582649	11.242909
8.460000	14.581412	11.132281
8.470000	14.578544	11.021680
8.480000	14.574054	10.911132
8.490000	14.567945	10.800673
8.500000	14.560224	10.690329
8.510000	14.550905	10.580118
8.520000	14.539918	10.470045
8.530000	14.527317	10.360106
8.540000	14.513079	10.250313
8.550000	14.497246	10.140740
8.560000	14.479789	10.031427
8.570000	14.460741	9.922358
8.580000	14.440112	9.813566
8.590000	14.417860	9.705088
8.600000	14.394023	9.596918
8.610000	14.368590	9.489102
8.620000	14.341586	9.381656
8.630000	14.313012	9.274592
8.640000	14.282858	9.167969
8.650000	14.251177	9.061760
8.660000	14.217957	8.956007
8.670000	14.183204	8.850739
8.680000	14.146935	8.745956
8.690000	14.109135	8.641702
8.700000	14.069808	8.537999
8.710000	14.028987	8.434855
8.720000	13.986658	8.332305
8.730000	13.942809	8.230417
8.740000	13.897504	8.129173
8.750000	13.850748	8.028566
8.760000	13.802512	7.928656
8.770000	13.752821	7.829464
8.780000	13.701701	7.731006
8.790000	13.649134	7.633301
8.800000	13.595142	7.536382
8.810000	13.539746	7.440250
8.820000	13.482909	7.344964
8.830000	13.424652	7.250530
8.840000	13.364977	7.156961
8.850000	13.303964	7.064225
8.860000	13.241559	6.972424
8.870000	13.177814	6.881520
8.880000	13.112730	6.791552
8.890000	13.046339	6.702522
8.900000	12.978668	6.614437
8.910000	12.909736	6.527307
8.920000	12.839511	6.441198
8.930000	12.768006	6.356131
8.940000	12.695256	6.272106
8.950000	12.621244	6.189172
8.960000	12.546029	6.107308
8.970000	12.469634	6.026522
8.980000	12.392058	5.946851
8.990000	12.313325	5.868301
9.000000	12.233425	5.790913
9.010000	12.152386	5.714694
9.020000	12.070221	5.639663
9.030000	11.986971	5.565814
9.040000	11.902637	5.493175
9.050000	11.817249	5.421751
9.060000	11.730803	5.351576
9.070000	11.643345	5.282643
9.080000	11.554901	5.214950
9.090000	11.465465	5.148537
9.100000	11.375070	5.083402
9.110000	11.283743	5.019559
9.120000	11.191499	4.957022
9.130000	11.098330	4.895823
9.140000	11.004267	4.835970
9.150000	10.909315	4.777489
9.160000	10.813519	4.720377
9.170000	10.716887	4.664650
9.180000	10.619442	4.610324
9.190000	10.521221	4.557390
9.200000	10.422236	4.505866
9.210000	10.322474	4.455791
9.220000	10.221970	4.407167
9.230000	10.120770	4.359970
9.240000	10.018855	4.314283
9.250000	9.916262	4.270079
9.260000	9.813009	4.227353
9.270000	9.709113	4.186130
9.280000	9.604614	4.146394
9.290000	9.499537	4.108151
9.300000	9.393909	4.071427
9.310000	9.287733	4.036212
9.320000	9.181015	4.002546
9.330000	9.073825	3.970426
9.340000	8.966165	3.939870
9.350000	8.858067	3.910893
9.360000	8.749528	3.883515
9.370000	8.640592	3.857724
9.380000	8.531273	3.833500
9.390000	8.421579	3.810852
9.400000	8.311539	3.789820
9.410000	8.201212	3.770354
9.420000	8.090635	3.752460
9.430000	7.979785	3.736161
9.440000	7.868705	3.721459
9.450000	7.757434	3.708386
9.460000	7.645950	3.696910
9.470000	7.534273	3.687047
9.480000	7.422448	3.678840
9.490000	7.310504	3.672268
9.500000	7.198496	3.667291
9.510000	7.086403	3.663927
9.520000	6.974290	3.662216
9.530000	6.862164	3.662057
9.540000	6.750054	3.663499
9.550000	6.637989	3.666526
9.560000	6.525957	3.671165
9.570000	6.414002	3.677421
9.580000	6.302140	3.685282
9.590000	6.190400	3.694742
9.600000	6.078803	3.705840
9.610000	5.967355	3.718563
9.620000	5.856107	3.732896
9.630000	5.745075	3.748848
9.640000	5.634315	3.766387
9.650000	5.523802	3.785496
9.660000	5.413590	3.806162
9.670000	5.303667	3.828385
9.680000	5.194064	3.852202
9.690000	5.084820	3.877602
9.700000	4.975950	3.904562
9.710000	4.867481	3.933094
9.720000	4.759411	3.963202
9.730000	4.651791	3.994876
9.740000	4.544640	4.028112
9.750000	4.437994	4.062871
9.760000	4.331859	4.099164
9.770000	4.226256	4.137009
9.780000	4.121217	4.176365
9.790000	4.016709	4.217202
9.800000	3.912812	4.259547
9.810000	3.809541	4.303397
9.820000	3.706912	4.348730
9.830000	3.604939	4.395529
9.840000	3.503638	4.443781
9.850000	3.403076	4.493511
9.860000	3.303251	4.544689
9.870000	3.204168	4.597283
9.880000	3.105820	4.651270
9.890000	3.008271	4.706679
9.900000	2.911576	4.763520
9.910000	2.815726	4.821763
9.920000	2.720759	4.881409
9.930000	2.626659	4.942408
9.940000	2.533475	5.004764
9.950000	2.441180	5.068431
9.960000	2.349805	5.133399
9.970000	2.259392	5.199691
9.980000	2.169943	5.267264
9.990000	2.081481	5.336114
10.000000	1.994023	5.406216
10.010000	1.907618	5.477590
10.020000	1.822262	5.550202
10.030000	1.737953	5.624015
10.040000	1.654703	5.699008
10.050000	1.572562	5.775197
10.060000	1.491557	5.852574
10.070000	1.411720	5.931138
10.080000	1.333021	6.010825
10.090000	1.255479	6.091619
10.100000	1.179153	6.173547
10.110000	1.104030	6.256561
10.120000	1.030159	6.340675
10.130000	0.957537	6.425855
10.140000	0.886160	6.512065
10.150000	0.816047	6.599293
10.160000	0.747203	6.687518
10.170000	0.679648	6.776725
10.180000	0.613374	6.866869
10.190000	0.548416	6.957961
10.200000	0.484764	7.049957
10.210000	0.422475	7.142876
10.220000	0.361509	7.236651
10.230000	0.301916	7.331292
10.240000	0.243724	7.426795
10.250000	0.186944	7.523144
10.260000	0.131568	7.620283
10.270000	0.077599	7.718194
10.280000	0.025056	7.816875
10.290000	-0.026062	7.916294
10.300000	-0.075748	8.016425
10.310000	-0.123944	8.117278
10.320000	-0.170638	8.218833
10.330000	-0.215857	8.321038
10.340000	-0.259590	8.423875
10.350000	-0.301834	8.527308
10.360000	-0.342570	8.631358
10.370000	-0.381779	8.736008
10.380000	-0.419456	8.841229
10.390000	-0.455588	8.946983
10.400000	-0.490179	9.053258
10.410000	-0.523234	9.160011
10.420000	-0.554725	9.267242
10.430000	-0.584669	9.374907
10.440000	-0.613050	9.482958
10.450000	-0.639856	9.591423
10.460000	-0.665096	9.700240
10.470000	-0.688768	9.809405
10.480000	-0.710838	9.918874
10.490000	-0.731355	10.028605
10.500000	-0.750251	10.138622
10.510000	-0.767556	10.248879
10.520000	-0.783242	10.359365
10.530000	-0.797310	10.470046
10.540000	-0.809762	10.580892
10.550000	-0.820597	10.691929
10.560000	-0.829820	10.803129
10.570000	-0.837418	10.914433
10.580000	-0.843398	11.025827
10.590000	-0.847741	11.137255
10.600000	-0.850469	11.248700
10.610000	-0.851561	11.360166
10.620000	-0.851016	11.471636
10.630000	-0.852079	11.583094
10.640000	-0.854740	11.694534
10.650000	-0.859000	11.805943
10.660000	-0.864845	11.917269
10.670000	-0.872310	12.028478
10.680000	-0.881404	12.139539
10.690000	-0.892116	12.250444
10.700000	-0.904425	12.361158
10.710000	-0.918321	12.471693
10.720000	-0.933822	12.582015
10.730000	-0.950929	12.692116
10.740000	-0.969605	12.801933
10.750000	-0.989892	12.911502
10.760000	-1.011766	13.020744
10.770000	-1.035218	13.129641
10.780000	-1.060234	13.238180
10.790000	-1.086797	13.346323
10.800000	-1.114929	13.454051
10.810000	-1.144632	13.561372
10.820000	-1.175887	13.668236
10.830000	-1.208675	13.774622
10.840000	-1.243009	13.880507
10.850000	-1.278864	13.985868
10.860000	-1.316255	14.090686
10.870000	-1.355132	14.194953
10.880000	-1.395494	14.298653
10.890000	-1.437348	14.401746
10.900000	-1.480669	14.504231
10.910000	-1.525434	14.606089
10.920000	-1.571658	14.707297
10.930000	-1.619351	14.807808
10.940000	-1.668478	14.907654
10.950000	-1.719061	15.006747
10.960000	-1.771062	15.105065
10.970000	-1.824513	15.202582
10.980000	-1.879389	15.299288
10.990000	-1.935669	15.395158
11.000000	-1.993314	15.490215
11.010000	-2.052359	15.584376
11.020000	-2.112724	15.677696
11.030000	-2.174449	15.770080
11.040000	-2.237490	15.861563
11.050000	-2.301840	15.952122
11.060000	-2.367503	16.041725
11.070000	-2.434442	16.130371
11.080000	-2.502670	16.218018
11.090000	-2.572172	16.304638
11.100000	-2.642929	16.390221
11.110000	-2.714925	16.474751
11.120000	-2.788099	16.558254
11.130000	-2.862491	16.640654
11.140000	-2.938082	16.721935
11.150000	-3.014838	16.802099
11.160000	-3.092781	16.881088
11.170000	-3.171843	16.958933
11.180000	-3.251989	17.035637
11.190000	-3.333221	17.111164
11.200000	-3.415545	17.185472
11.210000	-3.498951	17.258539
11.220000	-3.583392	17.330376
11.230000	-3.668856	17.400969
11.240000	-3.755309	17.470308
11.250000	-3.842759	17.538363
11.260000	-3.931197	17.605112
11.270000	-4.020586	17.670547
11.280000	-4.110953	17.734613
11.290000	-4.202239	17.797340
11.300000	-4.294414	17.858713
11.310000	-4.387434	17.918756
11.320000	-4.481328	17.977400
11.330000	-4.576081	18.034643
11.340000	-4.671618	18.090517
11.350000	-4.767950	18.144991
11.360000	-4.865046	18.198046
11.370000	-4.962920	18.249659
11.380000	-5.061535	18.299797
11.390000	-5.160859	18.348490
11.400000	-5.260916	18.395687
11.410000	-5.361624	18.441427
11.420000	-5.462984	18.485678
11.430000	-5.564929	18.528463
11.440000	-5.667487	18.569763
11.450000	-5.770627	18.609541
11.460000	-5.874317	18.647772
11.470000	-5.978565	18.684477
11.480000	-6.083325	18.719677
11.490000	-6.188593	18.753349
11.500000	-6.294328	18.785477
11.510000	-6.400533	18.816029
11.520000	-6.507175	18.845011
11.530000	-6.614230	18.872410
11.540000	-6.721694	18.898247
11.550000	-6.829482	18.922523
11.560000	-6.937623	18.945198
11.570000	-7.046086	18.966297
11.580000	-7.154846	18.985807
11.590000	-7.263870	19.003700
11.600000	-7.373159	19.019981
11.610000	-7.482662	19.034651
11.620000	-7.592369	19.047718
11.630000	-7.702240	19.059158
11.640000	-7.812252	19.068956
11.650000	-7.922343	19.077147
11.660000	-8.032555	19.083700
11.670000	-8.142840	19.088644
11.680000	-8.253150	19.091967
11.690000	-8.363467	19.093658
11.700000	-8.473777	19.093733
11.710000	-8.584045	19.092196
11.720000	-8.694309	19.089033
11.730000	-8.804501	19.084263
11.740000	-8.914616	19.077864
11.750000	-9.024639	19.069870
11.760000	-9.134547	19.060272
11.770000	-9.244274	19.049059
11.780000	-9.353821	19.036253
11.790000	-9.463156	19.021856
11.800000	-9.572250	19.005850
11.810000	-9.681067	18.988245
11.820000	-9.789621	18.969082
11.830000	-9.897853	18.948317
11.840000	-10.005749	18.925987
11.850000	-10.113296	18.902109
11.860000	-10.220471	18.876661
11.870000	-10.327247	18.849651
11.880000	-10.433587	18.821085
11.890000	-10.539495	18.790981
11.900000	-10.644951	18.759327
11.910000	-10.749903	18.726156
11.920000	-10.854342	18.691435
11.930000	-10.958270	18.655205
11.940000	-11.061652	18.617462
11.950000	-11.164439	18.578203
11.960000	-11.266599	18.537428
11.970000	-11.368155	18.495152
11.980000	-11.469066	18.451380
11.990000	-11.569321	18.406141
12.000000	-11.668868	18.359430
12.010000	-11.767707	18.311279
12.020000	-11.865786	18.261673
12.030000	-11.963099	18.210629
12.040000	-12.059611	18.158136
12.050000	-12.155324	18.104239
12.060000	-12.250181	18.048908
12.070000	-12.344193	17.992182
12.080000	-12.437357	17.934084
12.090000	-12.529637	17.874617
12.100000	-12.621037	17.813812
12.110000	-12.711496	17.751654
12.120000	-12.801033	17.688192
12.130000	-12.889627	17.623438
12.140000	-12.977277	17.557423
12.150000	-13.063931	17.490126
12.160000	-13.149552	17.421556
12.170000	-13.234173	17.351772
12.180000	-13.317740	17.280750
12.190000	-13.400237	17.208502
12.200000	-13.481652	17.135054
12.210000	-13.561948	17.060398
12.220000	-13.641136	16.984583
12.230000	-13.719218	16.907642
12.240000	-13.796139	16.829557
12.250000	-13.871907	16.750374
12.260000	-13.946451	16.670053
12.270000	-14.019809	16.588661
12.280000	-14.091963	16.506218
12.290000	-14.162877	16.422718
12.300000	-14.232556	16.338192
12.310000	-14.300944	16.252626
12.320000	-14.368041	16.166063
12.330000	-14.433833	16.078526
12.340000	-14.498348	15.990072
12.350000	-14.561536	15.900677
12.360000	-14.623418	15.810390
12.370000	-14.683920	15.719179
12.380000	-14.743077	15.627103
12.390000	-14.800872	15.534180
12.400000	-14.857280	15.440404
12.410000	-14.912320	15.345837
12.420000	-14.965924	15.250456
12.430000	-15.018090	15.154284
12.440000	-15.068848	15.057352
12.450000	-15.118158	14.959691
12.460000	-15.166033	14.861326
12.470000	-15.212406	14.762254
12.480000	-15.257320	14.662522
12.490000	-15.300759	14.562159
12.500000	-15.342696	14.461154
12.510000	-15.383130	14.359527
12.520000	-15.422009	14.257294
12.530000	-15.459354	14.154489
12.540000	-15.495163	14.051132
12.550000	-15.529433	13.947248
12.560000	-15.562155	13.842885
12.570000	-15.593332	13.738048
12.580000	-15.622920	13.632764
12.590000	-15.650961	13.527105
12.600000	-15.677426	13.421042
12.610000	-15.702359	13.314627
12.620000	-15.725694	13.207825
12.630000	-15.747417	13.100661
12.640000	-15.767558	12.993210
12.650000	-15.786085	12.885450
12.660000	-15.803046	12.777457
12.670000	-15.818424	12.669227
12.680000	-15.832211	12.560775
12.690000	-15.844399	12.452122
12.700000	-15.854996	12.343283
12.710000	-15.863973	12.234291
12.720000	-15.871334	12.125134
12.730000	-15.877083	12.015882
12.740000	-15.881228	11.906539
12.750000	-15.883726	11.797155
12.760000	-15.884600	11.687757
12.770000	-15.883838	11.578322
12.780000	-15.881439	11.468875
12.790000	-15.877433	11.359492
12.800000	-15.871805	11.250162
12.810000	-15.864594	11.140931
12.820000	-15.855768	11.031796
12.830000	-15.845329	10.922789
12.840000	-15.833269	10.813946
12.850000	-15.819612	10.705288
12.860000	-15.804338	10.596837
12.870000	-15.787416	10.488630
12.880000	-15.768901	10.380652
12.890000	-15.748785	10.272941
12.900000	-15.727035	10.165545
12.910000	-15.703720	10.058456
12.920000	-15.678772	9.951736
12.930000	-15.652267	9.845359
12.940000	-15.624180	9.739381
12.950000	-15.594501	9.633823
12.960000	-15.563261	9.528698
12.970000	-15.530465	9.424027
12.980000	-15.496112	9.319863
12.990000	-15.460230	9.216181
13.000000	-15.422827	9.113000
13.010000	-15.383913	9.010341
13.020000	-15.343478	8.908257
13.030000	-15.301525	8.806767
13.040000	-15.258086	8.705861
13.050000	-15.213180	8.605556
13.060000	-15.166759	8.505904
13.070000	-15.118903	8.406883
13.080000	-15.069573	8.308571
13.090000	-15.018817	8.210954
13.100000	-14.966637	8.114045
13.110000	-14.913025	8.017880
13.120000	-14.858006	7.922471
13.130000	-14.801557	7.827887
13.140000	-14.743690	7.734140
13.150000	-14.684465	7.641201
13.160000	-14.623868	7.549120
13.170000	-14.561890	7.457925
13.180000	-14.498574	7.367623
13.190000	-14.433926	7.278224
13.200000	-14.367981	7.189732
13.210000	-14.300710	7.102212
13.220000	-14.232096	7.015705
13.230000	-14.162209	6.930180
13.240000	-14.091061	6.845654
13.250000	-14.018650	6.762166
13.260000	-13.944995	6.679732
13.270000	-13.870127	6.598352
13.280000	-13.794037	6.518065
13.290000	-13.716752	6.438877
13.300000	-13.638282	6.360811
13.310000	-13.558664	6.283863
13.320000	-13.477921	6.208042
13.330000	-13.396030	6.133403
13.340000	-13.313024	6.059951
13.350000	-13.228895	5.987724
13.360000	-13.143695	5.916705
13.370000	-13.057421	5.846931
13.380000	-12.970112	5.778392
13.390000	-12.881781	5.711105
13.400000	-12.792443	5.645092
13.410000	-12.702128	5.580365
13.420000	-12.610849	5.516944
13.430000	-12.518643	5.454829
13.440000	-12.425542	5.394031
13.450000	-12.331541	5.334576
13.460000	-12.236639	5.276490
13.470000	-12.140869	5.219773
13.480000	-12.044256	5.164434
13.490000	-11.946794	5.110492
13.500000	-11.848533	5.057937
13.510000	-11.749481	5.006815
13.520000	-11.649650	4.957126
13.530000	-11.549065	4.908872
13.540000	-11.447745	4.862081
13.550000	-11.345748	4.816730
13.560000	-11.243050	4.772871
13.570000	-11.139679	4.730511
13.580000	-11.035657	4.689663
13.590000	-10.931011	4.650343
13.600000	-10.825759	4.612549
13.610000	-10.719974	4.576260
13.620000	-10.613626	4.541502
13.630000	-10.506746	4.508252
13.640000	-10.399372	4.476518
13.650000	-10.291482	4.446332
13.660000	-10.183107	4.417711
13.670000	-10.074328	4.390625
13.680000	-9.965127	4.365121
13.690000	-9.855527	4.341181
13.700000	-9.745575	4.318820
13.710000	-9.635261	4.298057
13.720000	-9.524623	4.278901
13.730000	-9.413689	4.261315
13.740000	-9.302523	4.245292
13.750000	-9.191110	4.230846
13.760000	-9.079436	4.218036
13.770000	-8.967562	4.206819
13.780000	-8.855479	4.197218
13.790000	-8.743225	4.189194
13.800000	-8.630842	4.182776
13.810000	-8.518334	4.177937
13.820000	-8.405721	4.174731
13.830000	-8.293062	4.173132
13.840000	-8.180363	4.173137
13.850000	-8.067642	4.174792
13.860000	-7.954903	4.178112
13.870000	-7.842172	4.183023
13.880000	-7.729497	4.189557
13.890000	-7.616913	4.197725
13.900000	-7.504408	4.207521
13.910000	-7.392041	4.218922
13.920000	-7.279801	4.231921
13.930000	-7.167710	4.246552
13.940000	-7.055821	4.262799
13.950000	-6.944175	4.280632
13.960000	-6.832749	4.300077
13.970000	-6.721616	4.321138
13.980000	-6.610762	4.343817
13.990000	-6.500231	4.368122
14.000000	-6.390062	4.394063
14.010000	-6.280249	4.421583
14.020000	-6.170826	4.450685
14.030000	-6.061820	4.481348
14.040000	-5.953255	4.513591
14.050000	-5.845125	4.547389
14.060000	-5.737488	4.582780
14.070000	-5.630356	4.619717
14.080000	-5.523736	4.658174
14.090000	-5.417668	4.698177
14.100000	-5.312168	4.739712
14.110000	-5.207263	4.782782
14.120000	-5.102959	4.827365
14.130000	-4.999308	4.873463
14.140000	-4.896245	4.920993
14.150000	-4.793826	4.969978
14.160000	-4.692092	5.020415
14.170000	-4.591037	5.072305
14.180000	-4.490707	5.125628
14.190000	-4.391119	5.180389
14.200000	-4.292323	5.236590
14.210000	-4.194294	5.294173
14.220000	-4.097069	5.353117
14.230000	-4.000710	5.413486
14.240000	-3.905186	5.475218
14.250000	-3.810531	5.538312
14.260000	-3.716738	5.602730
14.270000	-3.623840	5.668480
14.280000	-3.531909	5.735574
14.290000	-3.440927	5.803981
14.300000	-3.350946	5.873715
14.310000	-3.261910	5.944684
14.320000	-3.173870	6.016904
14.330000	-3.086816	6.090335
14.340000	-3.000824	6.165021
14.350000	-2.915897	6.240935
14.360000	-2.832044	6.318046
14.370000	-2.749279	6.396332
14.380000	-2.667625	6.475790
14.390000	-2.587118	6.556419
14.400000	-2.507758	6.638188
14.410000	-2.429552	6.721068
14.420000	-2.352473	6.805006
14.430000	-2.276634	6.890073
14.440000	-2.202010	6.976216
14.450000	-2.128583	7.063391
14.460000	-2.056409	7.151609
14.470000	-1.985498	7.240849
14.480000	-1.915822	7.331056
14.490000	-1.847405	7.422215
14.500000	-1.780331	7.514372
14.510000	-1.714587	7.607485
14.520000	-1.650152	7.701514
14.530000	-1.587019	7.796404
14.540000	-1.525244	7.892190
14.550000	-1.464809	7.988831
14.560000	-1.405751	8.086309
14.570000	-1.348112	8.184657
14.580000	-1.291846	8.283790
14.590000	-1.236994	8.383718
14.600000	-1.183563	8.484424
14.610000	-1.131580	8.585880
14.620000	-1.081049	8.688073
14.630000	-1.032003	8.791002
14.640000	-0.984413	8.894603
14.650000	-0.938277	8.998852
14.660000	-0.893633	9.103768
14.670000	-0.850460	9.209297
14.680000	-0.808778	9.315448
14.690000	-0.768626	9.422181
14.700000	-0.730042	9.529512
14.710000	-0.692967	9.637380
14.720000	-0.657466	9.745762
14.730000	-0.623535	9.854624
14.740000	-0.591147	9.963940
14.750000	-0.560280	10.073724
14.760000	-0.530937	10.183896
14.770000	-0.503194	10.294467
14.780000	-0.477005	10.405406
14.790000	-0.452371	10.516717
14.800000	-0.429333	10.628347
14.810000	-0.407890	10.740271
14.820000	-0.388030	10.852469
14.830000	-0.369731	10.964895
14.840000	-0.353033	11.077543
14.850000	-0.337949	11.190427
14.860000	-0.324458	11.303526
14.870000	-0.312584	11.416774
14.880000	-0.302313	11.530150
14.890000	-0.293670	11.643668
14.900000	-0.286623	11.757303
14.910000	-0.281188	11.871042
14.920000	-0.277353	11.984867
14.930000	-0.275145	12.098691
14.940000	-0.274545	12.212503
14.950000	-0.275557	12.326309
14.960000	-0.278182	12.440063
14.970000	-0.282444	12.553782
14.980000	-0.288343	12.667433
14.990000	-0.295848	12.781013
15.000000	-0.304951	12.894474
15.010000	-0.315635	13.007783
15.020000	-0.327946	13.120903
15.030000	-0.341840	13.233812
15.040000	-0.357317	13.346478
15.050000	-0.374424	13.458885
15.060000	-0.393132	13.571035
15.070000	-0.413408	13.682897
15.080000	-0.435273	13.794456
15.090000	-0.458765	13.905657
15.100000	-0.483845	14.016496
15.110000	-0.510490	14.126951
15.120000	-0.538715	14.236993
15.130000	-0.568522	14.346588
15.140000	-0.599881	14.455725
15.150000	-0.632805	14.564380
15.160000	-0.667216	14.672559
15.170000	-0.703174	14.780174
15.180000	-0.740658	14.887243
15.190000	-0.779641	14.993752
15.200000	-0.820127	15.099671
15.210000	-0.862127	15.204932
15.220000	-0.905677	15.309492
15.230000	-0.950706	15.413381
15.240000	-0.997221	15.516558
15.250000	-1.045204	15.619008
15.260000	-1.094617	15.720743
15.270000	-1.145474	15.821700
15.280000	-1.197749	15.921893
15.290000	-1.251437	16.021290
15.300000	-1.306510	16.119894
15.310000	-1.362997	16.217628
15.320000	-1.420828	16.314529
15.330000	-1.479979	16.410583
15.340000	-1.540473	16.505743
15.350000	-1.602291	16.600004
15.360000	-1.665447	16.693308
15.370000	-1.729937	16.785643
15.380000	-1.795752	16.876984
15.390000	-1.862844	16.967342
15.400000	-1.931178	17.056723
15.410000	-2.000753	17.145090
15.420000	-2.071580	17.232401
15.430000	-2.143628	17.318655
15.440000	-2.216879	17.403830
15.450000	-2.291314	17.487919
15.460000	-2.366960	17.570862
15.470000	-2.443739	17.652702
15.480000	-2.521657	17.733404
15.490000	-2.600651	17.812994
15.500000	-2.680758	17.891401
15.510000	-2.761965	17.968607
15.520000	-2.844213	18.044636
15.530000	-2.927519	18.119436
15.540000	-3.011877	18.192989
15.550000	-3.097237	18.265305
15.560000	-3.183602	18.336344
15.570000	-3.270924	18.406122
15.580000	-3.359206	18.474609
15.590000	-3.448430	18.541798
15.600000	-3.538553	18.607683
15.610000	-3.629614	18.672199
15.620000	-3.721566	18.735367
15.630000	-3.814397	18.797152
15.640000	-3.908081	18.857567
15.650000	-4.002572	18.916622
15.660000	-4.097860	18.974295
15.670000	-4.193938	19.030558
15.680000	-4.290804	19.085384
15.690000	-4.388438	19.138758
15.700000	-4.486801	19.190666
15.710000	-4.585850	19.241125
15.720000	-4.685555	19.290144
15.730000	-4.785919	19.337656
15.740000	-4.886916	19.383667
15.750000	-4.988509	19.428190
15.760000	-5.090692	19.471220
15.770000	-5.193432	19.512739
15.780000	-5.296731	19.552729
15.790000	-5.400560	19.591171
15.800000	-5.504909	19.628069
15.810000	-5.609747	19.663410
15.820000	-5.715061	19.697172
15.830000	-5.820806	19.729380
15.840000	-5.926955	19.760029
15.850000	-6.033531	19.789061
15.860000	-6.140486	19.816496
15.870000	-6.247805	19.842361
15.880000	-6.355440	19.866665
15.890000	-6.463388	19.889395
15.900000	-6.571611	19.910542
15.910000	-6.680088	19.930077
15.920000	-6.788809	19.948011
15.930000	-6.897715	19.964354
15.940000	-7.006783	19.979097
15.950000	-7.116027	19.992260
15.960000	-7.225410	20.003792
15.970000	-7.334904	20.013697
15.980000	-7.444487	20.021994
15.990000	-7.554133	20.028633
16.000000	-7.663804	20.033630
16.010000	-7.773526	20.037012
16.020000	-7.883250	20.038788
16.030001	-7.992967	20.038942
16.040001	-8.102629	20.037455
16.049999	-8.212240	20.034328
16.059999	-8.321724	20.029594
16.070000	-8.431121	20.023233
16.080000	-8.540346	20.015287
16.090000	-8.649374	20.005756
16.100000	-8.758206	19.994606
16.110001	-8.866819	19.981859
16.120001	-8.975201	19.967518
16.129999	-9.083290	19.951582
16.139999	-9.191094	19.934038
16.150000	-9.298578	19.914892
16.160000	-9.405728	19.894190
16.170000	-9.512497	19.871897
16.180000	-9.618876	19.847996
16.190001	-9.724836	19.822517
16.200001	-9.830366	19.795465
16.209999	-9.935493	19.766878
16.219999	-10.040155	19.736763
16.230000	-10.144319	19.705088
16.240000	-10.247949	19.671877
16.250000	-10.351038	19.637129
16.260000	-10.453573	19.600859
16.270000	-10.555554	19.563116
16.280001	-10.656922	19.523872
16.290001	-10.757672	19.483149
16.299999	-10.857789	19.440935
16.309999	-10.957240	19.397251
16.320000	-11.056019	19.352140
16.330000	-11.154148	19.305635
16.340000	-11.251561	19.257704
16.350000	-11.348231	19.208342
16.360001	-11.444149	19.157570
16.370001	-11.539258	19.105381
16.379999	-11.633554	19.051790
16.389999	-11.727010	18.996822
16.400000	-11.819613	18.940479
16.410000	-11.911322	18.882759
16.420000	-12.002110	18.823656
16.430000	-12.091997	18.763229
16.440001	-12.180961	18.701488
16.450001	-12.268969	18.638437
16.459999	-12.355982	18.574070
16.469999	-12.442018	18.508446
16.480000	-12.527065	18.441572
16.490000	-12.611080	18.373446
16.500000	-12.694051	18.304081
16.510000	-12.775926	18.233459
16.520000	-12.856714	18.161629
16.530001	-12.936438	18.088642
16.540001	-13.015044	18.014482
16.549999	-13.092522	17.939169
16.559999	-13.168849	17.862717
16.570000	-13.244019	17.785149
16.580000	-13.318029	17.706497
16.590000	-13.390849	17.626762
16.600000	-13.462442	17.545938
16.610001	-13.532816	17.464071
16.620001	-13.601950	17.381166
16.629999	-13.669812	17.297230
16.639999	-13.736419	17.212307
16.650000	-13.801740	17.126394
16.660000	-13.865728	17.039490
16.670000	-13.928406	16.951643
16.680000	-13.989752	16.862883
16.690001	-14.049714	16.773167
16.700001	-14.108321	16.682558
16.709999	-14.165553	16.591082
16.719999	-14.221420	16.498779
16.730000	-14.275914	16.405674
16.740000	-14.328992	16.311764
16.750000	-14.380676	16.217093
16.760000	-14.430917	16.121634
16.770000	-14.479703	16.025394
16.780001	-14.527043	15.928418
16.790001	-14.572919	15.830729
16.799999	-14.617324	15.732361
16.809999	-14.660277	15.633339
16.820000	-14.701786	15.533699
16.830000	-14.741811	15.433435
16.840000	-14.780334	15.332560
16.850000	-14.817343	15.231103
16.860001	-14.852839	15.129095
16.870001	-14.886822	15.026556
16.879999	-14.919263	14.923514
16.889999	-14.950185	14.819986
16.900000	-14.979539	14.715972
16.910000	-15.007346	14.611500
16.920000	-15.033593	14.506609
16.930000	-15.058267	14.401348
16.940001	-15.081403	14.295753
16.950001	-15.102972	14.189804
16.959999	-15.122968	14.083522
16.969999	-15.141349	13.976940
16.980000	-15.158147	13.870068
16.990000	-15.173360	13.762941
17.000000	-15.186990	13.655566
17.010000	-15.199010	13.547978
17.020000	-15.209425	13.440218
17.030001	-15.218242	13.332236
17.040001	-15.225431	13.224126
17.049999	-15.230983	13.115909
17.059999	-15.234909	13.007572
17.070000	-15.237231	12.899123
17.080000	-15.237957	12.790614
17.090000	-15.237062	12.682082
17.100000	-15.234550	12.573552
17.110001	-15.230448	12.465046
17.120001	-15.224758	12.356585
17.129999	-15.217499	12.248195
17.139999	-15.208620	12.139888
17.150000	-15.198116	12.031687
17.160000	-15.185955	11.923654
17.170000	-15.172170	11.815785
17.180000	-15.156765	11.708122
17.190001	-15.139742	11.600669
17.200001	-15.121132	11.493480
17.209999	-15.100924	11.386497
17.219999	-15.079144	11.279815
17.230000	-15.055812	11.173407
17.240000	-15.030907	11.067299
17.250000	-15.004454	10.961534
17.260000	-14.976415	10.856139
17.270000	-14.946756	10.751168
17.280001	-14.915538	10.646633
17.290001	-14.882760	10.542566
17.299999	-14.848431	10.438976
17.309999	-14.812560	10.335871
17.320000	-14.775125	10.233291
17.330000	-14.736156	10.131260
17.340000	-14.695664	10.029785
17.350000	-14.653653	9.928885
17.360001	-14.610128	9.828589
17.370001	-14.565126	9.728889
17.379999	-14.518640	9.629831
17.389999	-14.470695	9.531436
17.400000	-14.421306	9.433701
17.410000	-14.370461	9.336675
17.420000	-14.318186	9.240358
17.430000	-14.264469	9.144785
17.440001	-14.209332	9.049976
17.450001	-14.152771	8.955977
17.459999	-14.094828	8.862775
17.469999	-14.035529	8.770398
17.480000	-13.974829	8.678890
17.490000	-13.912797	8.588240
17.500000	-13.849403	8.498493
17.510000	-13.784649	8.409679
17.520000	-13.718536	8.321820
17.530001	-13.651095	8.234941
17.540001	-13.582368	8.149025
17.549999	-13.512372	8.064087
17.559999	-13.441137	7.980125
17.570000	-13.368619	7.897213
17.580000	-13.294845	7.815361
17.590000	-13.219855	7.734556
17.600000	-13.143641	7.654843
17.610001	-13.066216	7.576242
17.620001	-12.987605	7.498764
17.629999	-12.907815	7.422431
17.639999	-12.826877	7.347247
17.650000	-12.744805	7.273229
17.660000	-12.661627	7.200383
17.670000	-12.577341	7.128742
17.680000	-12.491975	7.058308
17.690001	-12.405555	6.989092
17.700001	-12.318089	6.921114
17.709999	-12.229613	6.854383
17.719999	-12.140138	6.788918
17.730000	-12.049682	6.724733
17.740000	-11.958255	6.661840
17.750000	-11.865866	6.600270
17.760000	-11.772565	6.540013
17.770000	-11.678356	6.481092
17.780001	-11.583250	6.423523
17.790001	-11.487283	6.367308
17.799999	-11.390480	6.312479
17.809999	-11.292832	6.259048
17.820000	-11.194373	6.207008
17.830000	-11.095161	6.156342
17.840000	-10.995172	6.107103
17.850000	-10.894442	6.059293
17.860001	-10.793000	6.012928
17.870001	-10.690860	5.968015
17.879999	-10.588041	5.924543
17.889999	-10.484602	5.882546
17.900000	-10.380514	5.842047
17.910000	-10.275806	5.803044
17.920000	-10.170518	5.765551
17.930000	-10.064664	5.729575
17.940001	-9.958227	5.695165
17.950001	-9.851267	5.662304
17.959999	-9.743806	5.630958
17.969999	-9.635844	5.601123
17.980000	-9.527419	5.572840
17.990000	-9.418564	5.546105
18.000000	-9.309293	5.520937
18.010000	-9.199629	5.497371
18.020000	-9.089572	5.475397
18.030001	-8.979164	5.454993
18.040001	-8.868430	5.436171
18.049999	-8.757390	5.418938
18.059999	-8.646057	5.403292
18.070000	-8.534460	5.389272
18.080000	-8.422631	5.376852
18.090000	-8.310585	5.366017
18.100000	-8.198319	5.356781
18.110001	-8.085845	5.349140
18.120001	-7.973218	5.343077
18.129999	-7.860470	5.338607
18.139999	-7.747663	5.335733
18.150000	-7.634784	5.334464
18.160000	-7.521878	5.334823
18.170000	-7.408931	5.336804
18.180000	-7.295991	5.340415
18.190001	-7.183073	5.345660
18.200001	-7.070218	5.352528
18.209999	-6.957450	5.361002
18.219999	-6.844765	5.371102
18.230000	-6.732158	5.382775
18.240000	-6.619660	5.396061
18.250000	-6.507333	5.410971
18.260000	-6.395192	5.427521
18.270000	-6.283264	5.445662
18.280001	-6.171567	5.465414
18.290001	-6.060152	5.486742
18.299999	-5.949035	5.509681
18.309999	-5.838242	5.534210
18.320000	-5.727756	5.560307
18.330000	-5.617664	5.588008
18.340000	-5.507967	5.617301
18.350000	-5.398679	5.648138
18.360001	-5.289848	5.680569
18.370001	-5.181470	5.714585
18.379999	-5.073548	5.750139
18.389999	-4.966082	5.787208
18.400000	-4.859119	5.825810
18.410000	-4.752687	5.865932
18.420000	-4.646783	5.907540
18.430000	-4.541453	5.950650
18.440001	-4.436734	5.995247
18.450001	-4.332669	6.041358
18.459999	-4.229261	6.088950
18.469999	-4.126516	6.138017
18.480000	-4.024510	6.188579
18.490000	-3.923195	6.240578
18.500000	-3.822628	6.294040
18.510000	-3.722801	6.348923
18.520000	-3.623785	6.405232
18.530001	-3.525599	6.462978
18.540001	-3.428222	6.522106
18.549999	-3.331701	6.582622
18.559999	-3.236028	6.644480
18.570000	-3.141231	6.707697
18.580000	-3.047366	6.772301
18.590000	-2.954412	6.838229
18.600000	-2.862396	6.905465
18.610001	-2.771339	6.974003
18.620001	-2.681276	7.043850
18.629999	-2.592216	7.114975
18.639999	-2.504163	7.187359
18.650000	-2.417131	7.260977
18.660000	-2.331156	7.335836
18.670000	-2.246300	7.411961
18.680000	-2.162508	7.489267
18.690001	-2.079831	7.567769
18.700001	-1.998312	7.647473
18.709999	-1.917905	7.728304
18.719999	-1.838645	7.810266
18.730000	-1.760571	7.893359
18.740000	-1.683653	7.977526
18.750000	-1.607934	8.062775
18.760000	-1.533429	8.149089
18.770000	-1.460163	8.236460
18.780001	-1.388132	8.324853
18.790001	-1.317364	8.414260
18.799999	-1.247899	8.504689
18.809999	-1.179727	8.596091
18.820000	-1.112853	8.688440
18.830000	-1.047272	8.781705
18.840000	-0.983031	8.875902
18.850000	-0.920103	8.970968
18.860001	-0.858545	9.066928
18.870001	-0.798371	9.163752
18.879999	-0.739549	9.261381
18.889999	-0.682113	9.359822
18.900000	-0.626086	9.459051
18.910000	-0.571488	9.559073
18.920000	-0.518343	9.659872
18.930000	-0.466660	9.761431
18.940001	-0.416433	9.863701
18.950001	-0.367690	9.966687
18.959999	-0.320429	10.070339
18.969999	-0.274660	10.174648
18.980000	-0.230360	10.279562
18.990000	-0.187562	10.385056
19.000000	-0.146265	10.491144
19.010000	-0.106502	10.597794
19.020000	-0.068261	10.704963
19.030001	-0.031514	10.812645
19.040001	0.003687	10.920822
19.049999	0.037350	11.029463
19.059999	0.069420	11.138611
19.070000	0.099926	11.248173
19.080000	0.128852	11.358136
19.090000	0.156194	11.468483
19.100000	0.181933	11.579183
19.110001	0.206090	11.690249
19.120001	0.228630	11.801654
19.129999	0.249568	11.913350
19.139999	0.268899	12.025331
19.150000	0.286633	12.137550
19.160000	0.302740	12.249967
19.170000	0.317258	12.362556
19.180000	0.330157	12.475314
19.190001	0.341446	12.588195
19.200001	0.351151	12.701219
19.209999	0.359216	12.814342
19.219999	0.365667	12.927560
19.230000	0.370494	13.040818
19.240000	0.375331	13.154083
19.250000	0.380181	13.267355
19.260000	0.385029	13.380666
19.270000	0.389899	13.493968
19.280001	0.394761	13.607255
19.290001	0.399607	13.720554
19.299999	0.404465	13.833844
19.309999	0.409358	13.947145
19.320000	0.414261	14.060477
19.330000	0.419185	14.173791
19.340000	0.424087	14.287135
19.350000	0.428999	14.400444
19.360001	0.433940	14.513767
19.370001	0.438911	14.627070
19.379999	0.443881	14.740363
19.389999	0.448895	14.853616
19.400000	0.453883	14.966830
19.410000	0.458840	15.080042
19.420000	0.463775	15.193283
19.430000	0.468704	15.306554
19.440001	0.473629	15.419862
19.450001	0.478565	15.533163
19.459999	0.483477	15.646487
19.469999	0.488409	15.759835
19.480000	0.493375	15.873183
19.490000	0.498341	15.986584
19.500000	0.503317	16.099998
19.510000	0.508280	16.213436
19.520000	0.513266	16.326881
19.530001	0.518231	16.440311
19.540001	0.523190	16.553780
19.549999	0.528124	16.667271
19.559999	0.533092	16.780746
19.570000	0.538066	16.894192
19.580000	0.543027	17.007629
19.590000	0.547996	17.121058
19.600000	0.552956	17.234489
19.610001	0.557914	17.347898
19.620001	0.562874	17.461311
19.629999	0.567866	17.574692
19.639999	0.572865	17.688065
19.650000	0.577867	17.801399
19.660000	0.582897	17.914717
19.670000	0.587942	18.028072
19.680000	0.593011	18.141413
19.690001	0.598109	18.254725
19.700001	0.603187	18.368073
19.709999	0.608277	18.481398
19.719999	0.613352	18.594702
19.730000	0.618453	18.707991
19.740000	0.623545	18.821293
19.750000	0.628648	18.934612
19.760000	0.633784	19.047951
19.770000	0.638981	19.161280
19.780001	0.644165	19.274605
19.790001	0.649333	19.387955
19.799999	0.654452	19.501312
19.809999	0.659593	19.614660
19.820000	0.664750	19.728001
19.830000	0.669910	19.841318
19.840000	0.675073	19.954624
19.850000	0.680226	20.067934
