0.000000	-0.000010	0.000546
0.010000	-0.000002	0.001679
0.020000	-0.000029	0.003329
0.030000	-0.000069	0.005519
0.040000	-0.000095	0.008247
0.050000	-0.000130	0.011519
0.060000	-0.000173	0.015373
0.070000	-0.000259	0.019800
0.080000	-0.000354	0.024780
0.090000	-0.000472	0.030310
0.100000	-0.000626	0.036364
0.110000	-0.000747	0.043009
0.120000	-0.000846	0.050216
0.130000	-0.000946	0.058019
0.140000	-0.001093	0.066355
0.150000	-0.001297	0.075227
0.160000	-0.001480	0.084667
0.170000	-0.001670	0.094647
0.180000	-0.001827	0.105186
0.190000	-0.002001	0.116284
0.200000	-0.002166	0.127943
0.210000	-0.002315	0.140157
0.220000	-0.002440	0.152928
0.230000	-0.002587	0.166233
0.240000	-0.002728	0.180132
0.250000	-0.002879	0.194584
0.260000	-0.003020	0.209595
0.270000	-0.003132	0.225157
0.280000	-0.003240	0.241295
0.290000	-0.003358	0.257986
0.300000	-0.003477	0.275233
0.310000	-0.003572	0.293050
0.320000	-0.003625	0.311407
0.330000	-0.003719	0.330287
0.340000	-0.003806	0.349723
0.350000	-0.003874	0.369720
0.360000	-0.003953	0.390272
0.370000	-0.004060	0.411375
0.380000	-0.004168	0.433015
0.390000	-0.004279	0.455226
0.400000	-0.004393	0.478003
0.410000	-0.004520	0.501325
0.420000	-0.004651	0.525189
0.430000	-0.004802	0.549590
0.440000	-0.004943	0.574554
0.450000	-0.005098	0.600074
0.460000	-0.005276	0.626164
0.470000	-0.005483	0.652820
0.480000	-0.005713	0.680043
0.490000	-0.005951	0.707802
0.500000	-0.006184	0.736123
0.510000	-0.006414	0.764970
0.520000	-0.006618	0.794358
0.530000	-0.006843	0.824317
0.540000	-0.007079	0.854816
0.550000	-0.007335	0.885884
0.560000	-0.007579	0.917538
0.570000	-0.007799	0.949741
0.580000	-0.008027	0.982490
0.590000	-0.008259	1.015784
0.600000	-0.008494	1.049605
0.610000	-0.008738	1.083974
0.620000	-0.008946	1.118902
0.630000	-0.009129	1.154373
0.640000	-0.009322	1.190404
0.650000	-0.009514	1.227028
0.660000	-0.009690	1.264269
0.670000	-0.009859	1.302083
0.680000	-0.010004	1.340458
0.690000	-0.010142	1.379406
0.700000	-0.010278	1.418881
0.710000	-0.010436	1.458893
0.720000	-0.010567	1.499470
0.730000	-0.010715	1.540561
0.740000	-0.010878	1.582211
0.750000	-0.011071	1.624435
0.760000	-0.011274	1.667218
0.770000	-0.011448	1.710590
0.780000	-0.011602	1.754532
0.790000	-0.011734	1.799050
0.800000	-0.011849	1.844131
0.810000	-0.011990	1.889766
0.820000	-0.012116	1.935970
0.830000	-0.012241	1.982792
0.840000	-0.012360	2.030180
0.850000	-0.012443	2.078126
0.860000	-0.012507	2.126615
0.870000	-0.012600	2.175627
0.880000	-0.012689	2.225211
0.890000	-0.012772	2.275319
0.900000	-0.012863	2.325979
0.910000	-0.012934	2.377242
0.920000	-0.013038	2.429025
0.930000	-0.013124	2.481327
0.940000	-0.013223	2.534204
0.950000	-0.013325	2.587646
0.960000	-0.013442	2.641672
0.970000	-0.013546	2.696231
0.980000	-0.013643	2.751324
0.990000	-0.013750	2.806962
1.000000	-0.013859	2.863193
1.010000	-0.013964	2.919969
1.020000	-0.014111	2.977308
1.030000	-0.014276	3.035192
1.040000	-0.014440	3.093624
1.050000	-0.014596	3.152623
1.060000	-0.014748	3.212194
1.070000	-0.014910	3.272328
1.080000	-0.015080	3.333013
1.090000	-0.015276	3.394235
1.100000	-0.015463	3.455964
1.110000	-0.015630	3.518235
1.120000	-0.015807	3.581076
1.130000	-0.015971	3.644489
1.140000	-0.016151	3.708471
1.150000	-0.016326	3.772984
1.160000	-0.016509	3.838058
1.170000	-0.016741	3.903675
1.180000	-0.016984	3.969831
1.190000	-0.017210	4.036527
1.200000	-0.017464	4.103766
1.210000	-0.017741	4.171570
1.220000	-0.018027	4.239947
1.230000	-0.018339	4.308891
1.240000	-0.018673	4.378387
1.250000	-0.018963	4.448418
1.260000	-0.019218	4.519009
1.270000	-0.019464	4.590163
1.280000	-0.019689	4.661871
1.290000	-0.019899	4.734141
1.300000	-0.020089	4.806961
1.310000	-0.020297	4.880334
1.320000	-0.020488	4.954277
1.330000	-0.020689	5.028758
1.340000	-0.020909	5.103825
1.350000	-0.021107	5.179460
1.360000	-0.021288	5.255670
1.370000	-0.021466	5.332427
1.380000	-0.021648	5.409702
1.390000	-0.021800	5.487523
1.400000	-0.021975	5.565866
1.410000	-0.022147	5.644731
1.420000	-0.022309	5.724157
1.430000	-0.022471	5.804154
1.440000	-0.022627	5.884716
1.450000	-0.022786	5.965806
1.460000	-0.022951	6.047485
1.470000	-0.023107	6.129704
1.480000	-0.023289	6.212477
1.490000	-0.023466	6.295817
1.500000	-0.023608	6.379707
1.510000	-0.023759	6.464168
1.520000	-0.023885	6.549158
1.530000	-0.024024	6.634701
1.540000	-0.024111	6.720807
1.550000	-0.024207	6.807456
1.560000	-0.024305	6.894651
1.570000	-0.024411	6.982433
1.580000	-0.024496	7.070769
1.590000	-0.024554	7.159655
1.600000	-0.024618	7.249091
1.610000	-0.024667	7.339122
1.620000	-0.024724	7.429655
1.630000	-0.024758	7.520736
1.640000	-0.024782	7.612383
1.650000	-0.024820	7.704619
1.660000	-0.024861	7.797421
1.670000	-0.024944	7.890779
1.680000	-0.025058	7.984720
1.690000	-0.025177	8.079270
1.700000	-0.025306	8.174350
1.710000	-0.025442	8.270018
1.720000	-0.025584	8.366274
1.730000	-0.025691	8.463095
1.740000	-0.025780	8.560406
1.750000	-0.025885	8.658229
1.760000	-0.025967	8.756610
1.770000	-0.026063	8.855577
1.780000	-0.026155	8.955086
1.790000	-0.026246	9.055142
1.800000	-0.026338	9.155752
1.810000	-0.026426	9.256917
1.820000	-0.026528	9.358652
1.830000	-0.026608	9.460916
1.840000	-0.026686	9.563721
1.850000	-0.026775	9.667067
1.860000	-0.026866	9.770962
1.870000	-0.026956	9.875394
1.880000	-0.027043	9.980391
1.890000	-0.027109	10.085941
1.900000	-0.027174	10.192047
1.910000	-0.027227	10.298712
1.920000	-0.027300	10.405941
1.930000	-0.027311	10.513714
1.940000	-0.027322	10.622075
1.950000	-0.027324	10.730965
1.960000	-0.027360	10.840403
1.970000	-0.027391	10.950355
1.980000	-0.027445	11.060853
1.990000	-0.027486	11.171933
2.000000	-0.025917	11.283026
2.010000	-0.022742	11.394069
2.020000	-0.017956	11.505015
2.030000	-0.011541	11.615836
2.040000	-0.003510	11.726531
2.050000	0.006134	11.837057
2.060000	0.017392	11.947387
2.070000	0.030278	12.057530
2.080000	0.044761	12.167472
2.090000	0.060862	12.277137
2.100000	0.078577	12.386550
2.110000	0.097879	12.495691
2.120000	0.118806	12.604529
2.130000	0.141321	12.712993
2.140000	0.165412	12.821106
2.150000	0.191083	12.928845
2.160000	0.218315	13.036177
2.170000	0.247102	13.143092
2.180000	0.277458	13.249574
2.190000	0.309379	13.355593
2.200000	0.342836	13.461108
2.210000	0.377810	13.566134
2.220000	0.414288	13.670654
2.230000	0.452254	13.774667
2.240000	0.491719	13.878100
2.250000	0.532706	13.980918
2.260000	0.575164	14.083140
2.270000	0.619095	14.184737
2.280000	0.664519	14.285655
2.290000	0.711410	14.385895
2.300000	0.759787	14.485378
2.310000	0.809598	14.584144
2.320000	0.860862	14.682147
2.330000	0.913559	14.779366
2.340000	0.967636	14.875816
2.350000	1.023130	14.971446
2.360000	1.080029	15.066215
2.370000	1.138286	15.160141
2.380000	1.197878	15.253228
2.390000	1.258814	15.345428
2.400000	1.321077	15.436720
2.410000	1.384664	15.527073
2.420000	1.449576	15.616458
2.430000	1.515793	15.704862
2.440000	1.583292	15.792274
2.450000	1.652043	15.878690
2.460000	1.722041	15.964086
2.470000	1.793255	16.048450
2.480000	1.865687	16.131754
2.490000	1.939308	16.213984
2.500000	2.014122	16.295103
2.510000	2.090135	16.375078
2.520000	2.167299	16.453920
2.530000	2.245572	16.531637
2.540000	2.324963	16.608189
2.550000	2.405475	16.683535
2.560000	2.487069	16.757683
2.570000	2.569714	16.830629
2.580000	2.653412	16.902346
2.590000	2.738150	16.972807
2.600000	2.823912	17.041998
2.610000	2.910681	17.109907
2.620000	2.998399	17.176550
2.630000	3.087075	17.241884
2.640000	3.176692	17.305899
2.650000	3.267226	17.368572
2.660000	3.358659	17.429892
2.670000	3.450971	17.489855
2.680000	3.544181	17.548410
2.690000	3.638236	17.605581
2.700000	3.733103	17.661354
2.710000	3.828772	17.715721
2.720000	3.925215	17.768684
2.730000	4.022394	17.820225
2.740000	4.120321	17.870317
2.750000	4.218931	17.918993
2.760000	4.318259	17.966166
2.770000	4.418244	18.011862
2.780000	4.518864	18.056078
2.790000	4.620095	18.098816
2.800000	4.721941	18.140041
2.810000	4.824347	18.179770
2.820000	4.927324	18.217985
2.830000	5.030827	18.254692
2.840000	5.134855	18.289852
2.850000	5.239375	18.323483
2.860000	5.344372	18.355566
2.870000	5.449836	18.386086
2.880000	5.555738	18.415014
2.890000	5.662045	18.442425
2.900000	5.768763	18.468260
2.910000	5.875853	18.492496
2.920000	5.983259	18.515192
2.930000	6.090962	18.536310
2.940000	6.198956	18.555819
2.950000	6.307208	18.573738
2.960000	6.415733	18.590067
2.970000	6.524457	18.604818
2.980000	6.633362	18.617960
2.990000	6.742472	18.629484
3.000000	6.851693	18.639408
3.010000	6.961056	18.647739
3.020000	7.070550	18.654470
3.030000	7.180114	18.659565
3.040000	7.289730	18.663031
3.050000	7.399421	18.664911
3.060000	7.509138	18.665171
3.070000	7.618833	18.663813
3.080000	7.728481	18.660814
3.090000	7.838036	18.656189
3.100000	7.947520	18.649935
3.110000	8.056871	18.642071
3.120000	8.166109	18.632595
3.130000	8.275223	18.621510
3.140000	8.384163	18.608810
3.150000	8.492907	18.594482
3.160000	8.601435	18.578588
3.170000	8.709720	18.561090
3.180000	8.817726	18.541962
3.190000	8.925462	18.521244
3.200000	9.032885	18.498943
3.210000	9.139963	18.475037
3.220000	9.246691	18.449518
3.230000	9.353003	18.422445
3.240000	9.458928	18.393843
3.250000	9.564404	18.363672
3.260000	9.669425	18.331940
3.270000	9.773976	18.298685
3.280000	9.878030	18.263889
3.290000	9.981549	18.227575
3.300000	10.084527	18.189751
3.310000	10.186912	18.150431
3.320000	10.288692	18.109598
3.330000	10.389861	18.067301
3.340000	10.490415	18.023529
3.350000	10.590322	17.978296
3.360000	10.689527	17.931601
3.370000	10.788058	17.883467
3.380000	10.885852	17.833862
3.390000	10.982919	17.782837
3.400000	11.079198	17.730366
3.410000	11.174656	17.676453
3.420000	11.269304	17.621134
3.430000	11.363094	17.564394
3.440000	11.456018	17.506256
3.450000	11.548075	17.446753
3.460000	11.639241	17.385899
3.470000	11.729495	17.323692
3.480000	11.818827	17.260166
3.490000	11.907220	17.195332
3.500000	11.994637	17.129173
3.510000	12.081075	17.061731
3.520000	12.166516	16.993015
3.530000	12.250905	16.923006
3.540000	12.334253	16.851749
3.550000	12.416567	16.779284
3.560000	12.497815	16.705614
3.570000	12.577962	16.630737
3.580000	12.657003	16.554682
3.590000	12.734932	16.477474
3.600000	12.811726	16.399124
3.610000	12.887349	16.319632
3.620000	12.961794	16.239017
3.630000	13.035037	16.157290
3.640000	13.107069	16.074478
3.650000	13.177862	15.990583
3.660000	13.247405	15.905627
3.670000	13.315703	15.819652
3.680000	13.382724	15.732654
3.690000	13.448479	15.644673
3.700000	13.512950	15.555727
3.710000	13.576143	15.465856
3.720000	13.638009	15.375052
3.730000	13.698533	15.283336
3.740000	13.757691	15.190707
3.750000	13.815486	15.097178
3.760000	13.871929	15.002810
3.770000	13.927012	14.907633
3.780000	13.980712	14.811649
3.790000	14.032998	14.714854
3.800000	14.083893	14.617306
3.810000	14.133359	14.519010
3.820000	14.181356	14.419969
3.830000	14.227915	14.320233
3.840000	14.272972	14.219774
3.850000	14.316542	14.118621
3.860000	14.358660	14.016851
3.870000	14.399251	13.914458
3.880000	14.438363	13.811506
3.890000	14.475960	13.707948
3.900000	14.512033	13.603840
3.910000	14.546576	13.499222
3.920000	14.579582	13.394102
3.930000	14.611053	13.288490
3.940000	14.640985	13.182403
3.950000	14.669345	13.075869
3.960000	14.696125	12.968929
3.970000	14.721344	12.861625
3.980000	14.744991	12.753963
3.990000	14.767072	12.645906
4.000000	14.787586	12.537515
4.010000	14.806542	12.428810
4.020000	14.823890	12.319793
4.030000	14.839688	12.210545
4.040000	14.853901	12.101069
4.050000	14.866516	11.991380
4.060000	14.877496	11.881457
4.070000	14.886889	11.771342
4.080000	14.894689	11.661057
4.090000	14.900865	11.550649
4.100000	14.905407	11.440145
4.110000	14.908319	11.329546
4.120000	14.909599	11.218899
4.130000	14.909259	11.108217
4.140000	14.907266	10.997517
4.150000	14.903655	10.886828
4.160000	14.898439	10.776212
4.170000	14.891583	10.665676
4.180000	14.883170	10.555219
4.190000	14.873158	10.444894
4.200000	14.861551	10.334695
4.210000	14.848340	10.224658
4.220000	14.833523	10.114820
4.230000	14.817123	10.005180
4.240000	14.799121	9.895752
4.250000	14.779542	9.786541
4.260000	14.758369	9.677636
4.270000	14.735610	9.569022
4.280000	14.711282	9.460702
4.290000	14.685370	9.352735
4.300000	14.657877	9.245134
4.310000	14.628804	9.137922
4.320000	14.598227	9.031077
4.330000	14.566115	8.924642
4.340000	14.532447	8.818668
4.350000	14.497237	8.713161
4.360000	14.460466	8.608150
4.370000	14.422183	8.503616
4.380000	14.382367	8.399639
4.390000	14.341035	8.296250
4.400000	14.298205	8.193448
4.410000	14.253862	8.091254
4.420000	14.208028	7.989693
4.430000	14.160718	7.888794
4.440000	14.111959	7.788564
4.450000	14.061774	7.689001
4.460000	14.010140	7.590147
4.470000	13.957084	7.492021
4.480000	13.902611	7.394655
4.490000	13.846702	7.298089
4.500000	13.789442	7.202263
4.510000	13.730811	7.107227
4.520000	13.670789	7.013054
4.530000	13.609409	6.919730
4.540000	13.546659	6.827299
4.550000	13.482580	6.735750
4.560000	13.417161	6.645133
4.570000	13.350415	6.555468
4.580000	13.282336	6.466800
4.590000	13.212999	6.379092
4.600000	13.142374	6.292400
4.610000	13.070466	6.206751
4.620000	12.997295	6.122169
4.630000	12.922901	6.038643
4.640000	12.847296	5.956193
4.650000	12.770458	5.874874
4.660000	12.692440	5.794667
4.670000	12.613247	5.715603
4.680000	12.532947	5.637650
4.690000	12.451541	5.560840
4.700000	12.368989	5.485243
4.710000	12.285329	5.410860
4.720000	12.200596	5.337683
4.730000	12.114838	5.265706
4.740000	12.028027	5.194983
4.750000	11.940224	5.125488
4.760000	11.851391	5.057291
4.770000	11.761600	4.990352
4.780000	11.670840	4.924715
4.790000	11.579129	4.860397
4.800000	11.486514	4.797370
4.810000	11.392993	4.735685
4.820000	11.298621	4.675328
4.830000	11.203390	4.616322
4.840000	11.107320	4.558696
4.850000	11.010429	4.502450
4.860000	10.912724	4.447618
4.870000	10.814254	4.394186
4.880000	10.715000	4.342189
4.890000	10.615000	4.291659
4.900000	10.514268	4.242586
4.910000	10.412806	4.195001
4.920000	10.310693	4.148855
4.930000	10.207894	4.104236
4.940000	10.104448	4.061106
4.950000	10.000394	4.019467
4.960000	9.895749	3.979352
4.970000	9.790544	3.940758
4.980000	9.684803	3.903659
4.990000	9.578507	3.868091
5.000000	9.471693	3.834054
5.010000	9.364387	3.801548
5.020000	9.256611	3.770615
5.030000	9.148403	3.741217
5.040000	9.039781	3.713392
5.050000	8.930792	3.687136
5.060000	8.821431	3.662468
5.070000	8.711765	3.639362
5.080000	8.601752	3.617854
5.090000	8.491448	3.597927
5.100000	8.380867	3.579594
5.110000	8.270020	3.562846
5.120000	8.158953	3.547704
5.130000	8.047632	3.534180
5.140000	7.936153	3.522238
5.150000	7.824500	3.511890
5.160000	7.712705	3.503143
5.170000	7.600765	3.495980
5.180000	7.488737	3.490436
5.190000	7.376636	3.486484
5.200000	7.264477	3.484190
5.210000	7.152307	3.483505
5.220000	7.040122	3.484435
5.230000	6.927957	3.486954
5.240000	6.815831	3.491085
5.250000	6.703759	3.496833
5.260000	6.591782	3.504199
5.270000	6.479923	3.513183
5.280000	6.368250	3.523813
5.290000	6.256720	3.536039
5.300000	6.145380	3.549900
5.310000	6.034262	3.565382
5.320000	5.923382	3.582458
5.330000	5.812776	3.601136
5.340000	5.702419	3.621403
5.350000	5.592359	3.643269
5.360000	5.482566	3.666690
5.370000	5.373129	3.691696
5.380000	5.264078	3.718268
5.390000	5.155409	3.746408
5.400000	5.047146	3.776100
5.410000	4.939319	3.807360
5.420000	4.831925	3.840145
5.430000	4.725038	3.874496
5.440000	4.618660	3.910394
5.450000	4.512836	3.947826
5.460000	4.407566	3.986785
5.470000	4.302853	4.027247
5.480000	4.198761	4.069232
5.490000	4.095297	4.112708
5.500000	3.992477	4.157666
5.510000	3.890333	4.204095
5.520000	3.788884	4.252007
5.530000	3.688137	4.301360
5.540000	3.588124	4.352166
5.550000	3.488862	4.404422
5.560000	3.390359	4.458080
5.570000	3.292647	4.513149
5.580000	3.195766	4.569637
5.590000	3.099708	4.627522
5.600000	3.004519	4.686792
5.610000	2.910199	4.747422
5.620000	2.816814	4.809444
5.630000	2.724364	4.872836
5.640000	2.632847	4.937563
5.650000	2.542310	5.003631
5.660000	2.452750	5.071002
5.670000	2.364176	5.139661
5.680000	2.276587	5.209565
5.690000	2.190012	5.280718
5.700000	2.104484	5.353126
5.710000	2.020013	5.426760
5.720000	1.936627	5.501621
5.730000	1.854323	5.577673
5.740000	1.773109	5.654887
5.750000	1.693062	5.733303
5.760000	1.614167	5.812874
5.770000	1.536444	5.893585
5.780000	1.459914	5.975425
5.790000	1.384562	6.058345
5.800000	1.310388	6.142315
5.810000	1.237439	6.227345
5.820000	1.165729	6.313424
5.830000	1.095270	6.400525
5.840000	1.026052	6.488606
5.850000	0.958089	6.577643
5.860000	0.891443	6.667665
5.870000	0.826109	6.758648
5.880000	0.762091	6.850576
5.890000	0.699408	6.943418
5.900000	0.638045	7.037143
5.910000	0.578056	7.131744
5.920000	0.519452	7.227211
5.930000	0.462240	7.323500
5.940000	0.406441	7.420619
5.950000	0.352051	7.518543
5.960000	0.299092	7.617260
5.970000	0.247547	7.716712
5.980000	0.197415	7.816883
5.990000	0.148756	7.917774
6.000000	0.101536	8.019323
6.010000	0.055770	8.121518
6.020000	0.011472	8.224342
6.030000	-0.031325	8.327786
6.040000	-0.072622	8.431831
6.050000	-0.112448	8.536418
6.060000	-0.150752	8.641580
6.070000	-0.187531	8.747283
6.080000	-0.222769	8.853484
6.090000	-0.256488	8.960155
6.100000	-0.288666	9.067311
6.110000	-0.319303	9.174902
6.120000	-0.348388	9.282880
6.130000	-0.375891	9.391262
6.140000	-0.401829	9.500008
6.150000	-0.426211	9.609095
6.160000	-0.448999	9.718517
6.170000	-0.470160	9.828254
6.180000	-0.489705	9.938318
6.190000	-0.507664	10.048644
6.200000	-0.524042	10.159171
6.210000	-0.538796	10.269897
6.220000	-0.551950	10.380791
6.230000	-0.563489	10.491863
6.240000	-0.573388	10.603087
6.250000	-0.581670	10.714446
6.260000	-0.588347	10.825886
6.270000	-0.593421	10.937405
6.280000	-0.596858	11.048993
6.290000	-0.598692	11.160625
6.300000	-0.598900	11.272242
6.310000	-0.597475	11.383847
6.320000	-0.594454	11.495456
6.330000	-0.589831	11.606952
6.340000	-0.583576	11.718386
6.350000	-0.575729	11.829758
6.360000	-0.566302	11.940981
6.370000	-0.555280	12.052017
6.380000	-0.542603	12.162848
6.390000	-0.528328	12.273461
6.400000	-0.512469	12.383846
6.410000	-0.495030	12.493982
6.420000	-0.476026	12.603842
6.430000	-0.455445	12.713406
6.440000	-0.433272	12.822619
6.450000	-0.409528	12.931496
6.460000	-0.384243	13.040039
6.470000	-0.357340	13.148170
6.480000	-0.328870	13.255888
6.490000	-0.298817	13.363144
6.500000	-0.267208	13.469940
6.510000	-0.234062	13.576225
6.520000	-0.199353	13.681997
6.530000	-0.163102	13.787213
6.540000	-0.125326	13.891882
6.550000	-0.086033	13.995993
6.560000	-0.045232	14.099544
6.570000	-0.002909	14.202469
6.580000	0.040926	14.304750
6.590000	0.086227	14.406384
6.600000	0.132987	14.507327
6.610000	0.181212	14.607573
6.620000	0.230903	14.707074
6.630000	0.282026	14.805862
6.640000	0.334646	14.903841
6.650000	0.388683	15.001045
6.660000	0.444149	15.097418
6.670000	0.501040	15.192926
6.680000	0.559316	15.287592
6.690000	0.618989	15.381373
6.700000	0.680026	15.474257
6.710000	0.742430	15.566217
6.720000	0.806172	15.657249
6.730000	0.871222	15.747348
6.740000	0.937589	15.836467
6.750000	1.005265	15.924580
6.760000	1.074205	16.011713
6.770000	1.144375	16.097862
6.780000	1.215826	16.182943
6.790000	1.288494	16.266989
6.800000	1.362358	16.349985
6.810000	1.437461	16.431862
6.820000	1.513745	16.512642
6.830000	1.591202	16.592297
6.840000	1.669838	16.670788
6.850000	1.749591	16.748144
6.860000	1.830465	16.824327
6.870000	1.912418	16.899347
6.880000	1.995461	16.973162
6.890000	2.079548	17.045776
6.900000	2.164673	17.117159
6.910000	2.250808	17.187315
6.920000	2.337944	17.256220
6.930000	2.426062	17.323849
6.940000	2.515170	17.390160
6.950000	2.605249	17.455149
6.960000	2.696267	17.518818
6.970000	2.788204	17.581137
6.980000	2.881054	17.642090
6.990000	2.974793	17.701656
7.000000	3.069384	17.759848
7.010000	3.164842	17.816631
7.020000	3.261112	17.872015
7.030000	3.358169	17.925991
7.040000	3.455999	17.978550
7.050000	3.554582	18.029650
7.060000	3.653894	18.079304
7.070000	3.753919	18.127487
7.080000	3.854648	18.174206
7.090000	3.956010	18.219482
7.100000	4.058011	18.263302
7.110000	4.160625	18.305634
7.120000	4.263840	18.346481
