0.602 1.6184
0.701 1.5798
0.8 1.5404
0.901 1.6482
1.001 1.665
1.101 1.5326
1.202 1.5334
1.301 1.617
1.401 1.4674
1.502 1.6104
1.602 1.659
1.702 1.4912
1.802 1.4534
1.902 1.5854
2.006 1.428
2.106 1.7596
2.204 1.678
2.304 1.3978
2.402 1.7094
2.5 1.609
2.598 1.7268
2.697 1.7954
2.795 1.602
2.893 1.6114
2.992 1.5608
3.09 1.4806
3.188 1.4616
3.287 1.5864
3.388 1.347
3.486 1.5998
3.585 1.5124
3.683 1.7216
3.781 1.527
3.88 1.6472
3.979 1.6948
4.077 1.5522
4.175 1.521
4.274 1.5888
4.372 1.5202
4.47 1.5702
4.569 1.4036
4.667 1.4656
4.765 1.6082
4.867 1.4462
4.965 1.6524
5.063 1.5422
5.163 1.6662
5.261 1.6316
5.359 1.568
5.457 1.644
5.556 1.7212
5.654 1.6186
5.752 1.6386
5.852 1.4966
5.95 1.666
6.048 1.673
6.147 1.9024
6.248 1.8302
6.346 1.838
6.445 1.716
6.543 2.1054
6.642 1.93
6.742 1.9758
6.841 2.082
6.939 1.909
7.038 2.1058
7.137 2.065
7.235 2.0438
7.333 2.1418
7.432 2.1006
7.53 2.1206
7.631 2.1998
7.73 2.0892
7.828 2.1876
7.926 2.2778
8.025 2.1562
8.123 2.4662
8.221 2.3432
8.321 2.38
8.419 2.5972
8.517 2.3038
8.616 2.3612
8.715 2.5026
8.814 2.3994
8.912 2.4288
9.014 2.538
9.112 2.559
9.21 2.7156
9.31 2.631
9.408 2.7826
9.507 2.7268
9.606 2.9024
9.704 2.606
9.802 2.9476
9.902 2.829
10 3.277
10.099 3.3
10.198 3.573
10.296 3.9532
10.397 4.2742
10.496 4.6344
10.594 4.7028
10.692 4.924
10.79 4.8672
10.889 4.8894
10.987 5.0508
11.085 5.0082
11.185 4.908
11.283 5.0584
11.381 4.9662
11.48 4.926
11.578 4.897
11.676 4.8982
11.778 4.9404
11.877 4.8696
11.975 5.0514
12.075 4.9194
12.174 4.9782
12.272 4.9568
12.371 4.9768
12.471 4.9856
12.569 4.985
12.668 4.963
12.768 5.0422
12.866 4.9494
12.965 5.0482
13.064 5.0274
13.165 4.905
13.264 4.936
13.363 4.987
13.462 4.8764
13.561 5.0056
13.661 4.8954
13.759 4.8946
13.858 4.8454
13.957 5.0452
14.056 4.7826
14.154 4.826
14.253 5.0676
14.351 4.8272
14.45 4.8274
14.553 4.7934
14.651 5.1174
14.75 4.9606
14.85 5.0512
14.948 4.961
15.046 5.0496
15.147 4.9286
15.246 4.8788
15.344 5
15.443 4.851
15.542 5.2022
15.641 5.0178
15.739 4.9774
15.839 4.9384
15.94 4.8626
16.04 5.0078
16.139 4.9778
16.237 4.928
16.335 4.9994
16.434 5.0304
16.532 4.9208
16.631 4.9706
16.73 4.9104
16.828 5.0102
16.927 4.9078
17.026 4.8698
17.125 4.8996
17.223 5.001
17.326 4.922
17.424 4.8906
17.523 4.8692
17.622 4.9432
17.721 4.873
17.82 4.915
17.92 5.0078
18.019 4.8386
18.118 5.0194
18.217 5.0276
18.317 4.9978
18.415 4.8782
18.515 5.0196
18.614 4.9504
18.71 4.9602
18.809 4.8998
18.909 4.9322
19.007 4.9602
19.106 4.9482
19.205 5.0808
19.304 4.9092
19.403 5.229
19.502 5.085
19.6 5.2844
19.699 4.9702
19.798 4.9714
19.897 4.8208
19.998 4.9316
20.098 4.931
20.197 4.9204
20.295 5.0406
20.395 4.9704
20.493 4.8698
20.591 4.9696
20.691 5.0188
20.79 5.058
20.889 5.0426
20.988 4.9568
21.088 4.906
21.186 4.9168
21.285 4.957
21.387 4.974
21.485 4.9426
21.583 4.9428
21.683 4.8816
21.782 4.8206
21.88 5.002
21.98 4.8424
22.079 4.9166
22.177 5.0236
22.277 4.812
22.375 4.8294
22.473 5.0744
22.573 4.838
22.672 4.968
22.774 5.0672
22.873 5.0758
22.971 4.8632
23.07 4.8858
23.169 4.9848
23.267 4.9444
23.366 4.921
23.465 4.9906
23.565 4.7814
23.664 4.9138
23.763 5.0456
23.863 4.7348
23.961 4.8484
24.059 5.049
24.162 4.8876
24.26 4.7382
24.36 4.8942
24.46 4.955
24.558 4.9426
24.657 5.0218
24.756 4.9004
24.855 4.84
24.954 4.8712
25.053 4.832
25.151 4.8832
25.25 4.9886
25.349 4.9034
25.448 4.818
25.55 4.9044
25.65 4.985
25.749 4.7726
25.847 4.7866
25.946 4.9298
26.045 4.9442
26.143 5.0112
26.242 4.8648
26.341 4.9142
26.44 4.9384
26.54 4.8504
26.639 4.7264
26.738 4.8128
26.838 4.9196
26.94 5.0716
27.039 4.6016
27.138 4.8074
27.237 5.091
27.335 4.857
27.435 4.969
27.533 4.543
27.631 4.5076
27.731 4.507
27.831 4.4612
27.93 4.5858
28.028 4.2954
28.127 4.4602
28.229 4.2368
28.329 4.319
28.429 4.5514
28.527 4.3312
28.625 4.4038
28.725 4.2932
28.823 4.268
28.921 4.1102
29.021 4.1924
29.119 4.0944
29.217 3.6446
29.317 4.1018
29.416 3.9446
29.515 4.0116
29.618 3.9622
29.716 3.9428
29.814 3.9642
29.914 4.045
30.013 3.976
30.112 3.7484
30.211 3.714
30.31 4.1586
30.409 4.0374
30.509 3.8342
30.608 3.6374
30.707 3.63
30.806 3.3806
30.904 3.1014
31.006 3.1502
31.106 2.9356
31.204 2.5642
31.302 1.6996
31.401 1.5776
31.501 1.6872
31.6 1.706
31.699 1.7538
31.799 1.6592
31.897 1.627
31.995 1.6048
32.095 1.5952
32.193 1.4044
32.292 1.745
32.394 1.3024
32.492 1.665
32.59 1.7842
32.689 1.5984
32.787 1.6046
32.886 1.4626
32.985 1.592
33.083 1.292
33.181 1.3966
33.28 1.5504
33.379 1.5702
33.477 1.6208
33.576 1.5218
33.675 1.8716
33.777 1.6674
33.878 1.4348
33.977 1.597
34.076 1.456
34.176 1.5574
34.275 1.5072
34.374 1.7544
34.475 1.44
34.574 1.4714
34.673 1.4524
34.774 1.3828
34.873 1.464
34.972 1.5746
35.072 1.4534
35.174 1.4242
35.273 1.575
35.373 1.484
35.472 1.6424
35.571 1.5202
35.671 1.5016
35.77 1.5204
35.869 1.6506
35.969 1.569
36.068 1.4576
36.167 1.5888
36.267 1.5088
36.366 1.3492
36.468 1.641
36.568 1.5
36.667 1.4412
36.766 1.3812
36.866 1.5018
36.965 1.6714
37.064 1.6
37.164 1.5188
37.263 1.5804
37.362 1.6298
37.462 1.5182
37.561 1.6678
37.66 1.4684
37.76 1.471
37.862 1.4604
37.961 1.5624
38.061 1.4616
38.16 1.6298
38.259 1.5568
38.359 1.4976
38.458 1.577
38.557 1.4074
38.657 1.5092
38.756 1.3398
38.855 1.6196
38.955 1.4284
39.054 1.56
39.153 1.4616
39.256 1.433
39.355 1.4628
39.454 1.524
39.554 1.4814
39.653 1.5312
39.752 1.5338
39.852 1.534
39.951 1.5236
40.05 1.5642
40.15 1.4326
40.249 1.5712
40.348 1.4002
40.448 1.4318
40.547 1.6018
40.649 1.3814
40.749 1.5106
40.848 1.5274
40.947 1.3772
41.047 1.647
41.146 1.5246
41.245 1.5848
41.345 1.6724
41.444 1.5606
41.543 1.539
41.643 1.4866
41.742 1.4386
41.841 1.428
41.942 1.5578
42.045 1.4474
42.144 1.5982
42.244 1.5782
42.343 1.4382
42.442 1.5198
42.542 1.6274
42.641 1.666
42.74 1.3544
42.84 1.496
42.939 1.4538
43.038 1.4032
43.138 1.3348
43.237 1.4646
43.336 1.3228
43.44 1.7
43.539 1.5052
43.638 1.3646
43.738 1.3528
43.837 1.5136
43.936 1.4606
44.036 1.6084
44.135 1.5158
44.234 1.4164
44.334 1.4086
44.433 1.3602
44.532 1.3222
44.632 1.562
44.734 1.408
44.834 1.4388
44.934 1.5006
45.033 1.3906
45.133 1.3614
45.233 1.4422
45.332 1.4312
45.431 1.492
45.531 1.5134
45.63 1.3342
45.729 1.3662
45.829 1.4074
45.928 1.417
46.027 1.4968
46.13 1.5578
46.229 1.3962
46.328 1.4984
46.428 1.4074
46.527 1.44
46.626 1.6316
46.726 1.419
46.825 1.363
46.925 1.5134
47.025 1.4116
47.125 1.5718
47.224 1.4804
47.325 1.3922
47.425 1.3818
47.529 1.4826
47.63 1.481
47.729 1.5208
47.83 1.3898
47.929 1.4864
48.028 1.4452
48.128 1.3548
48.227 1.425
48.326 1.3054
48.427 1.286
48.526 1.4994
48.625 1.3756
48.726 1.3242
48.825 1.3344
48.927 1.406
49.027 1.3402
49.135 1.5222
49.235 1.5008
49.335 1.5904
49.434 1.4146
49.534 1.3164
49.634 1.379
49.733 1.5198
49.833 1.5312
49.933 1.5156
50.032 1.396
50.132 1.2972
50.233 1.3988
50.336 1.5996
50.437 1.4446
50.537 1.5692
50.636 1.5128
50.737 1.4928
50.836 1.5108
50.935 1.5222
51.035 1.5614
51.134 1.5554
51.233 1.538
51.334 1.5094
51.433 1.668
51.532 1.5868
51.632 1.3964
51.734 1.7402
51.833 1.508
51.933 1.48
52.032 1.5662
52.131 1.5394
52.232 1.7114
52.332 1.6112
52.431 1.483
52.531 1.5652
52.63 1.526
52.729 1.5676
52.829 1.3074
52.928 1.3748
53.03 1.5292
53.13 1.4434
53.229 1.4188
53.328 1.482
53.428 1.6656
53.527 1.415
53.626 1.451
53.727 1.525
53.826 1.5758
53.925 1.658
54.026 1.695
54.125 1.6944
54.224 1.7854
54.325 1.956
54.427 1.6824
54.528 1.7408
54.627 1.6096
54.726 1.76
54.827 1.9908
54.926 1.6562
55.025 1.7474
55.126 1.548
55.225 1.9986
55.324 1.3404
55.424 2.035
55.523 1.19
55.622 2.1766
55.723 2.5068
55.825 2.2028
55.922 1.3738
56.022 1.605
56.12 1.6708
56.218 1.6998
56.316 1.3992
56.415 1.6116
56.513 1.6508
56.611 1.739
56.71 1.5976
56.808 1.716
56.906 1.8836
57.005 1.9494
57.103 1.7858
57.204 1.6644
57.304 1.6832
57.402 1.6632
57.501 1.462
57.6 1.6226
57.698 1.5228
57.796 1.7236
57.896 1.7314
57.996 1.83
58.094 1.8378
58.193 1.674
58.293 1.6236
58.391 1.6016
58.49 1.7214
58.592 1.4698
58.69 1.5412
58.788 1.6318
58.887 1.5808
58.985 1.5008
59.083 1.6212
59.182 1.6826
59.28 1.7234
59.378 1.4234
59.478 1.4866
59.577 1.5068
59.675 1.699
59.776 1.5886
59.875 1.6194
59.976 1.4782
60.076 1.5194
60.175 1.5574
60.274 1.4584
60.374 1.589
60.473 1.6204
60.572 1.4912
60.672 1.6914
60.77 1.6708
60.868 1.532
60.968 1.5238
61.067 1.6758
61.165 1.7062
61.267 1.4774
61.367 1.41
61.465 1.462
61.563 2.5156
61.662 1.6776
61.76 1.5114
61.859 1.5344
61.959 1.4548
62.058 1.405
62.157 1.5652
62.257 1.7154
62.356 1.554
62.455 1.5452
62.555 1.704
62.656 1.6154
62.755 1.5962
62.855 1.628
62.954 1.558
63.053 1.517
63.153 1.677
63.252 1.5158
63.351 1.5354
63.451 1.7056
63.55 1.763
63.649 1.5916
63.749 1.6014
63.848 1.5924
63.947 1.5844
64.05 1.644
64.149 1.6726
64.248 1.7204
64.348 1.6976
64.447 1.5456
64.546 1.7448
64.645 1.8042
64.744 1.614
64.843 1.5532
64.943 1.6842
65.042 1.5144
65.141 1.66
65.241 1.6264
65.34 1.8032
65.441 1.5578
65.54 1.5048
65.638 1.6394
65.736 1.697
65.835 1.5806
65.933 1.6492
66.031 1.5582
66.129 1.6182
66.228 1.5316
66.326 1.6996
66.424 1.649
66.524 1.675
66.622 1.8176
66.72 1.5668
66.823 1.5956
66.922 1.5608
67.021 1.5506
67.121 1.6344
67.219 1.5844
67.318 1.5232
67.418 1.5068
67.517 1.7398
67.616 1.5552
67.716 1.7328
67.815 1.6546
67.913 1.6064
68.012 1.6376
68.11 1.6164
68.212 1.4938
68.312 1.7128
68.41 1.5348
68.509 1.6466
68.609 1.64
68.708 1.6954
68.807 1.8298
68.907 1.5662
69.006 1.7136
69.105 1.6514
69.206 1.5738
69.305 1.6928
69.404 1.5
69.507 1.6652
69.606 1.8694
69.705 1.7804
69.805 1.7142
69.904 1.7274
70.003 1.856
70.103 1.5342
70.202 1.5588
70.301 1.5182
70.401 2.367
70.5 1.3098
70.598 1.4796
70.697 2.108
70.796 1.6684
70.898 1.7646
70.998 2.5708
71.096 1.3376
71.195 1.5844
71.296 1.6528
71.395 1.6922
71.494 2.2506
71.593 2.0212
71.693 1.707
71.792 2.3334
71.891 1.7882
71.991 2.2306
72.09 1.7812
72.19 1.8988
72.293 2.2648
72.392 2.0996
72.491 1.6728
72.59 1.6852
72.689 1.466
72.79 2.772
72.888 2.002
72.987 1.7372
73.088 1.6844
73.187 1.8634
73.286 2.2906
73.387 1.958
73.486 1.5598
73.585 2.6508
73.688 1.7512
73.787 1.9238
73.886 2.6314
73.986 2.6388
74.085 2.852
74.184 2.5466
74.284 1.8258
74.383 1.6576
74.482 2.3894
74.582 2.108
74.681 1.9752
74.78 1.9068
74.88 2.1026
74.979 2.1538
75.081 2.313
75.181 2.407
75.28 2.4318
75.379 2.7484
75.479 3.1454
75.578 2.1996
75.677 2.6406
75.777 2.6018
75.876 3.155
75.975 2.9
76.075 2.7184
76.174 2.672
76.273 2.855
76.376 2.9136
76.475 1.5538
76.574 3.3076
76.674 3.2188
76.773 2.7024
76.872 2.3772
76.972 2.8992
77.071 2.6604
77.17 3.2946
77.27 2.723
77.369 2.9102
77.468 2.1438
77.568 2.0824
77.67 2.2522
77.769 2.7648
77.869 2.921
77.968 2.3564
78.067 2.5446
78.167 2.9504
78.266 2.2936
78.365 1.972
78.465 2.6922
78.564 2.6698
78.663 1.8768
78.763 3.6594
78.862 1.4858
78.964 1.8192
79.064 2.9048
79.163 1.9942
79.262 2.6846
79.362 1.5932
79.461 2.4706
79.56 2.8268
79.66 2.8296
79.759 2.2784
79.858 2.5318
79.958 2.4084
80.057 2.0574
80.156 2.3416
80.259 2.3188
80.358 1.6336
80.457 2.7978
80.557 2.359
80.656 1.9286
80.755 2.1986
80.855 2.3386
80.954 2.0272
81.053 2.3274
81.153 2.2858
81.252 2.6658
81.351 2.3128
81.451 2.0254
81.553 1.8788
81.652 2.9046
81.752 2.239
81.851 2.3836
81.95 2.4322
82.05 3.4374
82.149 2.0264
82.248 2.5372
82.348 2.5462
82.447 2.615
82.546 2.524
82.646 2.5726
82.745 2.7142
82.847 2.3258
82.947 3.418
83.046 3.872
83.145 2.592
83.245 3.1706
83.344 2.7206
83.443 3.0468
83.543 2.7894
83.642 2.823
83.741 1.7608
83.841 2.5362
83.94 1.5364
84.039 2.6332
84.139 3.0248
84.241 2.1456
84.34 2.8214
84.44 2.6476
84.539 1.9302
84.638 2.3204
84.738 1.7838
84.837 1.547
84.936 2.5056
85.036 1.659
85.135 2.0666
85.234 2.5212
85.334 2.4836
85.433 2.223
85.535 1.7114
85.635 2.0806
85.734 2.0716
85.833 2.3286
85.933 2.713
86.033 2.434
86.132 2.679
86.232 1.515
86.331 2.2568
86.43 2.4974
86.53 2.0946
86.629 2.1282
86.728 2.7116
86.831 1.8492
86.93 2.6868
87.029 2.7472
87.129 2.3242
87.228 2.352
87.327 2.5266
87.427 2.181
87.526 3.0952
87.625 1.9024
87.725 3.159
87.824 1.9242
87.923 2.4482
88.023 2.5754
88.135 2.7598
88.236 2.0918
88.337 2.7082
88.438 3.566
88.54 2.7576
88.641 2.501
88.742 2.595
88.844 2.3308
88.945 2.997
89.047 1.9296
89.148 3.1036
89.249 2.577
89.351 2.6128
89.455 3.009
89.558 2.5834
89.659 2.806
89.76 2.3188
89.862 2.8196
89.963 2.9678
90.064 3.3182
90.166 2.7738
90.267 2.6078
90.369 2.3314
90.47 1.844
90.571 2.3238
90.673 2.85
90.777 2.5018
90.88 2.1498
90.981 3.1014
91.082 2.9072
91.184 2.2812
91.285 2.8008
91.386 2.3866
91.488 2.5704
91.589 2.2472
91.691 2.4508
91.792 2.1276
91.893 3.0608
91.995 2.3782
92.099 3.5258
92.201 2.1644
92.303 2.4254
92.404 3.0158
92.506 2.9812
92.607 2.6514
92.708 3.4416
92.81 2.8194
92.911 2.2806
93.014 3.6276
93.115 2.4728
93.216 2.4022
93.318 3.1086
93.421 3.2308
93.523 2.6804
93.625 3.8414
93.726 2.9416
93.828 2.9934
93.929 3.5588
94.03 2.2334
94.132 2.4534
94.233 2.6636
94.336 3.2718
94.437 2.5956
94.538 2.6008
94.64 3.574
94.741 2.9274
94.846 2.7392
94.948 2.9338
95.049 2.0656
95.151 3.0878
95.252 3.3022
95.353 2.4334
95.455 3.1442
95.556 2.9134
95.659 2.7962
95.76 3.0456
95.861 2.3268
95.963 2.8086
96.064 2.4704
96.169 2.249
96.271 3.1636
96.372 2.4002
96.474 2.019
96.575 3.037
96.676 2.8144
96.778 2.7102
96.879 2.3782
96.982 3.0264
97.083 3.0486
97.184 2.4974
97.286 2.5162
97.387 2.4006
97.491 2.7484
97.593 2.5666
97.694 2.6044
97.796 3.0728
97.897 2.2188
97.998 2.3726
98.1 2.901
98.201 2.8926
98.304 2.3368
98.405 2.7684
98.506 2.4988
98.608 2.9202
98.709 2.4016
98.814 2.5978
98.916 3.3374
99.017 1.8314
99.119 3.241
99.22 2.2008
99.321 3.3194
99.423 2.4934
99.524 3.2672
99.627 2.345
99.728 2.7952
99.829 2.4498
99.931 2.822
100.032 2.0364
100.137 3.2114
100.239 2.9402
100.34 2.2706
100.442 3.7426
100.543 3.2606
100.644 2.5708
100.746 3.1254
100.847 2.2136
100.95 3.1474
101.051 3.0296
101.152 3.0258
101.254 2.5106
101.355 2.311
101.46 4.0072
101.562 3.1808
101.663 2.721
101.765 2.4756
101.866 2.5468
101.967 2.4692
102.069 2.7976
102.17 2.8254
102.272 2.6894
102.373 3.1428
102.474 2.677
102.576 2.1748
102.677 3.1
102.782 2.1952
102.884 3.0836
102.985 2.9144
103.087 3.0118
103.188 2.0454
103.289 2.645
103.391 3.108
103.492 2.421
103.595 2.2174
103.696 3.0972
103.797 2.1124
103.899 2.5374
104 2.8152
104.099 2.3652
104.201 2.6882
104.302 1.913
104.404 2.5648
104.506 2.7
104.607 2.7926
104.709 2.3116
104.821 2.6382
104.923 2.8564
105.024 3.0108
105.125 2.4772
105.227 3.1628
105.331 2.8476
105.433 2.9112
105.534 2.487
105.635 3.046
105.737 2.6354
105.838 2.593
105.94 2.269
106.042 2.7562
106.143 2.58
106.245 3.6642
106.346 2.7234
106.447 2.4556
106.549 3.1142
106.653 2.3834
106.755 2.7794
106.856 2.764
106.957 3.0496
107.059 2.631
107.16 2.6528
107.262 1.854
107.364 2.706
107.465 1.8264
107.567 2.5088
107.668 2.334
107.769 2.3712
107.871 2.0668
107.975 3.0144
108.077 1.6704
108.178 2.6068
108.279 2.312
108.381 1.9086
108.482 2.235
108.584 2.4134
108.686 2.3344
108.787 2.2612
108.889 2.9006
108.99 2.0256
109.091 2.257
109.193 3.0004
109.297 1.9338
109.399 3.2768
109.5 2.3256
109.601 2.398
109.703 2.6898
109.804 3.0718
109.905 2.8994
110.007 3.0566
110.108 2.3582
110.21 1.855
110.311 3.3392
110.412 3.006
110.514 3.5094
110.613 1.6918
110.714 2.2948
110.816 1.8882
110.917 2.5862
111.019 2.4952
111.12 2.714
111.221 2.2196
111.323 2.5148
111.424 2.8742
111.525 2.9952
111.627 2.2932
111.728 3.0918
111.833 2.195
111.934 2.1494
112.035 2.8656
112.137 1.8674
112.238 2.7482
112.34 2.0122
112.442 2.7776
112.543 2.1386
112.645 2.1686
112.746 2.1036
112.847 2.7418
112.949 2.1474
113.05 2.723
113.155 2.6362
113.256 2.2338
113.357 2.497
113.459 1.9368
113.56 1.6128
113.662 2.0012
113.764 1.904
113.865 1.9598
113.967 2.491
114.068 2.7534
114.169 2.0772
114.271 2.7382
114.373 2.4706
114.479 2.5868
114.58 2.6026
114.681 2.6824
114.783 1.7564
114.884 2.1152
114.987 1.8658
115.088 2.811
115.189 2.3184
115.291 2.839
115.392 2.2174
115.494 2.4548
115.596 2.233
115.697 2.7542
115.803 2.6104
115.904 3.354
116.005 3.0098
116.107 2.4886
116.208 3.0824
116.31 1.9862
116.411 2.1434
116.512 2.8538
116.614 2.5846
116.715 2.4434
116.816 2.2304
116.918 2.6978
117.019 2.9032
117.12 2.3092
117.221 2.0858
117.322 1.9426
117.424 2.278
117.525 2.9664
117.627 2.519
117.729 3.3712
117.831 3.1336
117.934 2.7026
118.035 2.6582
118.136 3.0618
118.239 2.2992
118.344 2.8096
118.446 2.2464
118.547 3.3794
118.648 2.9494
118.75 2.7094
118.851 2.3694
118.953 2.956
119.055 2.393
119.156 3.0478
119.258 2.3408
119.359 2.2646
119.46 2.4532
119.562 2.2118
119.667 2.3706
119.77 3.1556
119.872 2.3756
119.974 3.0664
120.077 2.5928
120.179 3.0072
120.282 2.1548
120.384 3.2696
120.486 2.552
120.589 2.5138
120.691 2.84
120.794 2.1362
120.896 2.8864
121.003 2.6928
121.105 3.0604
121.207 2.5712
121.31 2.3864
121.412 2.3786
121.515 2.1892
121.617 3.2894
121.719 2.9144
121.822 1.8994
121.924 3.2146
122.027 2.1768
122.129 2.6544
122.231 2.035
122.337 2.3104
122.439 2.7714
122.542 2.8266
122.644 2.6614
122.746 3.4948
122.849 2.242
122.951 3.4162
123.054 2.038
123.156 3.0704
123.258 2.9136
123.361 2.9042
123.463 2.8606
123.566 2.626
123.666 2.5246
123.768 1.8866
123.871 2.6056
123.973 2.0754
124.076 1.8372
124.178 2.9746
124.28 2.8412
124.383 2.7378
124.485 2.695
124.588 1.6898
124.69 2.6094
124.792 2.4812
124.898 2.0318
125 2.2554
125.103 2.3086
125.205 2.1268
125.307 2.4596
125.41 2.4678
125.512 2.1436
125.615 2.7118
125.717 2.2534
125.819 2.1428
125.922 2.9508
126.024 2.789
126.127 2.573
126.232 2.7174
126.336 2.8844
126.438 1.9286
126.54 2.362
126.643 2.6316
126.745 1.9014
126.848 2.4608
126.95 2.598
127.052 2.7916
127.155 2.935
127.257 2.1884
127.36 3.3364
127.462 2.6572
127.567 2.9656
127.67 2.4006
127.772 2.974
127.875 3.3686
127.977 3.0744
128.079 2.2246
128.182 2.2962
128.284 2.396
128.387 3.1026
128.489 2.6692
128.591 2.4268
128.694 2.7594
128.796 2.1918
128.902 3.2044
129.004 2.8276
129.107 2.8584
129.21 3.2468
129.312 2.3264
129.415 2.5408
129.517 2.3898
129.62 3.0226
129.723 2.771
129.825 2.177
129.928 2.6126
130.03 2.1916
130.132 2.398
130.233 2.2034
130.335 2.5212
130.438 2.3094
130.54 1.7782
130.643 3.0972
130.746 2.1268
130.848 2.677
130.951 2.3794
131.053 2.1478
131.156 2.091
131.259 2.2236
131.361 2.3724
131.467 2.8606
131.569 3.1168
131.672 2.1334
131.774 2.493
131.876 2.5364
131.979 2.5478
132.081 2.6394
132.184 2.461
132.286 1.9248
132.388 2.585
132.491 1.9444
132.593 2.5952
132.696 2.3708
132.801 2.1786
132.904 2.2382
133.007 2.7646
133.109 2.9106
133.212 1.8904
133.314 2.5884
133.417 2.896
133.52 2.847
133.622 3.0016
133.725 2.1474
133.827 2.7406
133.931 1.9698
134.033 1.7562
134.138 2.2132
134.241 2.2476
134.343 2.769
134.446 2.7798
134.548 2.7062
134.65 2.3202
134.753 2.5164
134.855 1.9802
134.958 2.2728
135.06 2.5618
135.162 2.5396
135.265 2.6764
135.367 2.4788
135.473 2.3542
135.575 2.8348
135.678 2.379
135.781 3.3602
135.883 1.662
135.986 2.3454
136.088 1.4044
136.192 2.955
136.294 2.4028
136.396 2.6938
136.499 2.4498
136.601 2.3212
136.704 2.0138
136.804 2.6764
136.906 2.5532
137.009 2.0778
137.111 1.8904
137.214 2.3562
137.317 2.6776
137.419 2.0434
137.522 2.2094
137.624 2.1252
137.728 2.5504
137.83 1.619
137.932 2.6426
138.038 2.8588
138.14 2.5182
138.243 2.9164
138.345 2.6028
138.447 2.3494
138.55 2.2236
138.652 3.0886
138.755 3.0608
138.857 3.349
138.959 3.306
139.062 2.7444
139.164 3.0272
139.267 2.8252
139.372 2.6406
139.475 1.971
139.578 2.7158
139.68 2.7266
139.783 2.1234
139.885 2.4354
139.988 2.2364
140.091 1.8768
140.193 3.2084
140.296 2.0882
140.398 2.8802
140.502 2.5464
140.604 2.2732
140.709 2.6104
140.81 2.4378
140.911 2.3266
141.014 2.8936
141.115 2.5676
141.216 2.6056
141.318 2.2036
141.419 2.0592
141.52 2.4764
141.622 2.8352
141.723 2.4026
141.825 2.4928
141.926 2.5286
142.03 2.94
142.132 1.81
142.233 2.9748
142.336 1.968
142.437 2.557
142.538 2.8962
142.64 1.9646
142.741 2.699
142.842 1.9086
142.944 3.0406
143.045 2.0538
143.147 2.4264
143.248 2.5846
143.347 2.7098
143.449 2.3138
143.55 2.8264
143.651 1.955
143.753 2.5662
143.854 2.757
143.956 3.2622
144.058 2.4242
144.159 1.712
144.261 2.1514
144.362 3.1478
144.463 3.4972
144.568 2.9388
144.669 1.963
144.771 2.5758
144.872 2.9824
144.973 2.4612
145.075 3.1024
145.176 2.4454
145.278 2.4018
145.38 3.1716
145.481 2.4976
145.583 2.1936
145.684 2.6326
145.785 2.4718
145.89 2.7364
145.991 2.0698
146.093 2.1516
146.194 2.6388
146.295 2.6332
146.397 2.1106
146.498 2.4928
146.6 1.9422
146.702 2.4246
146.803 2.491
146.905 1.9124
147.006 2.2858
147.107 3.1348
147.212 2.0978
147.313 2.8162
147.415 2.5358
147.516 2.3242
147.617 1.81
147.719 2.5856
147.82 2.3618
147.921 1.969
148.023 2.516
148.124 2.7122
148.226 2.6794
148.327 2.3386
148.428 2.4596
148.533 2.127
148.634 2.554
148.736 3.0704
148.837 3.2512
148.938 2.5846
149.04 3.6772
149.141 1.6894
149.242 2.8602
149.344 2.5822
149.445 2.1898
149.547 2.2274
149.648 2.1864
149.749 2.4878
149.849 2.6524
149.95 3.3206
150.051 2.5424
150.153 2.7716
150.254 2.2202
150.356 2.3092
150.458 2.243
150.559 2.3718
150.661 2.6204
150.762 2.5516
150.863 2.3418
150.965 2.346
151.069 2.2496
151.171 2.3154
151.272 2.336
151.373 2.1408
151.475 2.6046
151.576 2.2716
151.678 2.5162
151.78 2.5272
151.881 2.9328
151.983 2.0452
152.084 2.2972
152.185 2.6322
152.287 2.4742
152.391 2.4372
152.493 2.1894
152.594 1.7528
152.695 3.05
152.797 1.9512
152.898 2.7998
153 2.1232
153.102 2.4992
153.203 2.089
153.305 2.3754
153.406 2.1368
153.507 2.4362
153.609 2.2116
153.713 2.3864
153.815 1.5582
153.916 2.17
154.017 2.0876
154.119 2.1338
154.22 2.6608
154.321 2.3664
154.423 3.5458
154.524 2.732
154.626 2.8636
154.727 2.1716
154.828 2.6732
154.93 2.7382
155.034 2.187
155.136 2.2432
155.237 1.9848
155.338 3.1682
155.44 2.9874
155.541 2.2578
155.642 2.4464
155.744 2.935
155.845 2.0618
155.947 2.2016
156.048 2.5504
156.149 2.0656
156.251 2.8392
156.35 2.5988
156.451 2.3378
156.553 3.3832
156.654 2.7352
156.756 2.4954
156.858 2.6898
156.959 2.5866
157.061 2.5476
157.162 2.2806
157.263 2.398
157.365 2.4668
157.466 2.2778
157.571 1.9588
157.672 2.0002
157.773 2.5916
157.875 2.5674
157.976 2.4178
158.078 1.987
158.18 1.8298
158.281 2.3678
158.383 2.521
158.484 2.136
158.585 2.4728
158.687 2.1366
158.788 2.8018
158.893 2.0038
158.994 2.6548
159.095 2.4638
159.197 2.3626
159.298 2.1636
159.4 2.4856
159.502 2.6944
159.603 2.2064
159.705 2.342
159.806 2.896
159.907 2.4114
160.009 2.691
160.11 2.9906
160.215 1.728
160.316 2.206
160.417 1.908
160.519 2.356
160.62 2.7368
160.721 2.1972
160.823 3.1842
160.924 2.9642
161.026 2.9236
161.127 2.8178
161.228 2.7742
161.33 2.504
161.431 2.964
161.536 2.5752
161.637 2.2462
161.738 2.5356
161.849 2.5634
161.95 3.306
162.052 2.1508
162.153 2.9608
162.254 2.8658
162.356 2.179
162.457 2.412
162.56 2.3686
162.661 1.9572
162.762 1.7356
162.862 2.3686
162.963 2.249
163.064 2.0748
163.166 2.6484
163.267 2.1168
163.369 2.5726
163.471 2.1814
163.572 2.606
163.674 2.3354
163.775 2.3934
163.876 2.6698
163.978 2.2168
164.082 2.1378
164.184 2.9798
164.285 2.8992
164.386 2.0512
164.488 3.2268
164.589 2.3204
164.691 2.119
164.793 2.2926
164.894 3.1162
164.996 2.2804
165.097 2.2718
165.198 1.4346
165.3 2.9856
165.404 1.9696
165.506 2.7046
165.607 2.2138
165.708 2.257
165.81 2.6914
165.911 3.0396
166.012 2.654
166.114 2.5476
166.215 2.6242
166.317 3.0418
166.418 2.526
166.519 2.102
166.621 2.4126
166.725 2.5194
166.827 2.455
166.928 2.5098
167.029 2.4654
167.131 2.8244
167.232 2.5474
167.333 2.5988
167.435 2.3036
167.536 2.4272
167.638 2.8018
167.739 2.0368
167.84 2.1904
167.942 2.4626
168.047 3.001
168.15 2.6894
168.251 2.4666
168.352 2.8048
168.454 2.4698
168.555 1.8966
168.656 2.298
168.758 2.274
168.859 2.5684
168.961 1.678
169.062 3.0952
169.163 1.657
169.265 2.8546
169.364 1.9072
169.465 2.2348
169.567 1.7018
169.668 2.0572
169.771 2.367
169.872 2.1104
169.973 2.9916
170.075 1.933
170.176 2.2086
170.277 2.3296
170.379 2.5832
170.48 1.5456
170.585 2.4676
170.686 3.0252
170.787 1.6946
170.889 1.8384
170.99 2.363
171.092 3.0576
171.194 2.4476
171.295 2.5814
171.397 2.0638
171.498 2.7946
171.599 2.996
171.701 2.3676
171.802 2.0824
171.917 2.5192
172.017 2.5612
172.119 2.8538
172.22 2.5168
172.321 1.9066
172.423 2.0176
172.524 2.174
172.625 2.3534
172.727 2.779
172.828 1.9862
172.93 1.7212
173.031 2.1648
173.132 2.7932
173.237 1.6504
173.338 2.3532
173.44 2.038
173.541 1.9706
173.642 1.8926
173.744 2.2656
173.845 2.6322
173.946 2.1326
174.048 2.2744
174.149 1.8426
174.251 2.4586
174.352 1.8848
174.453 1.9198
174.558 2.5628
174.659 1.5516
174.761 3.0952
174.863 1.8064
174.964 2.754
175.066 1.7738
175.167 2.1908
175.268 2.0258
175.37 2.4412
175.471 1.7592
175.574 2.2822
175.675 2.4422
175.776 2.2232
175.876 2.2598
175.977 2.5448
176.078 3.195
176.18 2.4714
176.281 3.73
176.384 1.886
176.485 3.1826
176.586 2.4194
176.688 2.7816
176.789 1.8256
176.89 2.2364
176.992 2.2344
177.096 2.461
177.198 2.4902
177.299 2.5224
177.4 2.647
177.502 2.2184
177.603 3.3204
177.705 2.608
177.807 2.7284
177.908 1.7202
178.01 2.5464
178.111 2.1306
178.212 2.3386
178.314 2.6604
178.418 2.27
178.52 1.8134
178.621 2.5856
178.722 2.753
178.824 2.331
178.925 2.1586
179.027 2.362
179.129 2.1734
179.23 2.7846
179.332 2.0088
179.433 2.1998
179.534 2.4446
179.636 2.032
179.74 2.4834
179.842 2.5354
179.943 2.2342
180.044 2.3628
180.146 2.2082
180.247 1.9768
180.348 1.9508
180.45 2.5208
180.551 1.883
180.653 1.8822
180.754 2.488
180.855 3.2996
180.957 1.8706
181.061 2.9234
181.163 1.9162
181.264 2.0214
181.365 2.3682
181.467 2.91
181.568 2.9066
181.669 3.0646
181.771 2
181.872 2.2816
181.974 1.9808
182.075 2.5524
182.176 2.8062
182.278 2.2088
182.377 2.6524
182.478 2.6846
182.58 2.9564
182.681 3.2352
182.784 2.4272
182.885 1.8288
182.986 2.2546
183.088 2.8558
183.189 2.1864
183.29 1.8372
183.392 2.5158
183.493 2.4128
183.598 2.4488
183.699 2.0904
183.8 2.6026
183.902 2.9426
184.003 2.4728
184.105 3.214
184.207 2.0038
184.308 2.193
184.41 2.1344
184.511 1.8412
184.612 2.6372
184.714 1.5516
184.815 2.0692
184.92 2.317
185.021 2.0034
185.122 1.8132
185.224 1.4904
185.325 2.594
185.427 1.7636
185.529 2.0402
185.63 2.3024
185.732 1.8838
185.833 3.3902
185.934 1.7254
186.036 2.3384
186.137 2.0604
186.242 2.478
186.343 1.5538
186.444 2.4754
186.546 1.7544
186.647 2.362
186.748 2.2836
186.85 2.5922
186.951 2.8166
187.053 2.4514
187.154 3.4502
187.255 2.187
187.357 2.9126
187.458 2.7526
187.563 3.2638
187.664 1.7406
187.765 2.8444
187.867 2.7812
187.968 2.4646
188.069 2.8418
188.171 2.8984
188.272 2.3608
188.374 2.3204
188.475 2.9714
188.576 2.905
188.678 3.5536
188.779 2.006
188.878 2.6766
188.98 2.3268
189.081 2.8596
189.184 2.7264
189.285 3.1204
189.386 2.4568
189.488 2.8124
189.589 2.2122
189.69 2.405
189.792 2.4284
189.893 2.8942
189.995 1.9204
190.099 2.5434
190.2 1.8962
190.302 2.9074
190.403 2.5702
190.505 2.7894
190.607 2.919
190.708 3.0034
190.81 1.9506
190.911 2.7962
191.012 2.197
191.114 2.6988
191.215 2.864
191.318 2.726
191.422 3.4708
191.523 2.0986
191.625 2.4028
191.726 1.871
191.828 3.401
191.93 2.3602
192.031 2.6714
192.133 2.8438
192.234 2.4868
192.335 2.7476
192.437 2.025
192.538 2.9092
192.64 2.4802
192.744 2.3776
192.845 2.4762
192.947 3.2778
193.048 2.116
193.15 2.2568
193.252 2.9706
193.353 2.7098
193.455 2.485
193.556 2.9658
193.657 2.8816
193.759 2.3906
193.86 2.6954
193.963 3.1828
194.068 2.8622
194.17 2.2086
194.272 2.6976
194.374 2.4472
194.477 2.5418
194.578 3.2438
194.68 2.444
194.783 2.3414
194.885 2.998
194.987 2.575
195.088 2.1596
195.19 2.5796
195.293 2.5094
195.392 2.1474
195.493 2.6012
195.596 2.6888
195.697 2.6652
195.8 2.8488
195.901 1.7886
196.002 2.098
196.105 2.6164
196.207 2.1264
196.31 2.4238
196.411 3.1398
196.513 2.9878
196.619 2.12
196.72 2.6608
196.823 2.4036
196.925 2.4848
197.027 2.1156
197.13 2.7494
197.232 1.688
197.334 2.655
197.435 3.062
197.536 2.731
197.638 1.8312
197.739 1.9894
197.84 2.6536
197.946 2.2866
198.047 2.6192
198.149 3.074
198.25 2.1624
198.351 2.7996
198.453 2.844
198.554 2.24
198.656 2.5024
198.757 2.412
198.858 1.7698
198.96 2.0246
199.061 2.35
199.163 3.8762
199.269 3.519
199.371 3.2548
199.474 2.1456
199.575 3.3986
199.678 3.0016
199.78 2.257
199.881 3.1724
199.983 2.5128
200.084 2.2372
200.185 2.8224
200.287 2.871
200.388 2.27
200.491 2.4386
200.596 2.0052
200.697 2.392
200.799 2.6618
200.9 1.9296
201.003 3.05
201.104 1.7356
201.205 2.4244
201.307 2.2306
201.408 2.0608
201.509 2.1864
201.611 2.9428
201.712 1.9442
201.814 2.7344
201.913 2.3746
202.014 2.5398
202.116 1.765
202.217 2.7492
202.318 1.6264
202.42 2.5378
202.521 2.9854
202.624 2.319
202.725 2.1344
202.826 1.9144
202.928 2.4078
203.029 2.0906
203.136 2.9188
203.238 2.043
203.34 2.118
203.443 3.064
203.545 3.063
203.648 2.3542
203.75 1.9906
203.852 2.4058
203.955 2.5114
204.057 2.8784
204.16 2.341
204.262 1.8792
204.364 2.5972
204.47 2.4542
204.572 1.7062
204.675 1.841
204.777 3.0454
204.879 2.3898
204.982 3.0252
205.084 2.4056
205.187 2.2956
205.289 2.1906
205.391 2.9158
205.494 1.988
205.596 2.963
205.699 2.8414
205.804 3.2494
205.907 2.9936
206.01 2.7348
206.112 2.5558
206.215 2.4634
206.317 2.1346
206.42 1.7994
206.523 1.8616
206.625 2.1634
206.728 1.6506
206.83 2.1208
206.934 2.9084
207.036 2.0736
207.141 2.3856
207.244 2.1302
207.346 1.9054
207.449 2.3022
207.551 2.3106
207.653 2.3878
207.756 2.237
207.858 2.8894
207.961 2.6716
208.063 1.8786
208.165 2.3324
208.268 3.2868
208.37 1.677
208.471 2.2968
208.573 1.9356
208.675 2.5416
208.778 2.3992
208.88 2.798
208.983 2.006
209.085 1.985
209.187 3.2652
209.29 2.0646
209.392 2.5078
209.495 1.9612
209.597 1.6802
209.702 2.5178
209.805 3.3086
209.907 2.5732
210.01 2.809
210.112 2.5614
210.214 2.8212
210.317 2.2542
210.419 2.5426
210.522 2.6058
210.624 2.442
210.726 2.5734
210.829 2.0472
210.931 2.9208
211.037 1.9626
211.139 2.3588
211.243 2.4224
211.345 2.5798
211.447 1.4522
211.55 2.761
211.652 2.0146
211.755 2.1962
211.857 2.195
211.959 2.036
212.062 2.4982
212.164 2.7632
212.267 2.24
212.372 2.2008
212.474 2.2876
212.577 1.995
212.679 2.7078
212.782 2.6098
212.884 1.803
212.986 2.1996
213.089 2.1758
213.191 2.139
213.294 2.0248
213.396 2.6104
213.498 2.9624
213.601 2.3696
213.706 2.3034
213.809 2.1148
213.911 1.8126
214.014 2.2002
214.117 2.2356
214.219 2.2368
214.322 1.9434
214.424 2.402
214.528 3.0488
214.63 2.4234
214.732 2.531
214.835 2.2908
214.937 2.8758
215.038 3.5076
215.141 2.6648
215.243 3.0496
215.346 2.457
215.448 2.7714
215.552 2.7006
215.654 1.9558
215.756 2.3554
215.859 2.8286
215.961 1.8992
216.064 3.5234
216.166 2.7782
216.271 3.1728
216.374 3.1138
216.476 2.3924
216.579 2.7602
216.681 2.8826
216.783 2.1444
216.886 2.5464
216.988 2.5622
217.091 2.0688
217.193 2.0056
217.295 2.0216
217.398 1.909
217.5 2.3472
217.606 2.381
217.708 2.2848
217.811 2.3204
217.914 2.792
218.016 2.1956
218.119 2.1574
218.221 2.4176
218.324 2.4294
218.427 3.0058
218.529 1.5508
218.632 2.846
218.742 2.6962
218.845 2.3578
218.95 2.8516
219.053 2.6628
219.155 2.5852
219.257 2.0914
219.36 2.7404
219.462 2.2894
219.565 1.9598
219.667 1.851
219.769 2.2918
219.872 1.7086
219.974 2.2844
220.077 1.4128
220.179 3.3794
220.284 2.2504
220.387 1.7344
220.489 1.7374
220.592 2.2028
220.694 2.9682
220.796 2.4928
220.899 2.6944
221.001 2.5812
221.104 1.8254
221.206 2.3136
221.308 2.6656
221.411 1.9726
221.513 2.1172
221.614 2.1206
221.716 3.0578
221.818 3.5902
221.921 2.785
222.023 1.927
222.126 2.1958
222.228 2.9228
222.33 2.0634
222.433 2.4618
222.535 1.9876
222.638 2.4852
222.74 2.8162
222.846 3.4206
222.949 3.0512
223.051 2.4296
223.154 2.3752
223.256 2.26
223.36 2.5154
223.462 2.2214
223.564 2.132
223.667 1.9964
223.769 3.105
223.872 2.0958
223.974 2.5314
224.076 2.3316
224.182 3.0114
224.282 2.1012
224.384 1.9556
224.485 2.0572
224.586 2.1476
224.688 2.4746
224.789 2.7562
224.89 1.939
224.992 2.298
225.093 2.3688
225.195 1.9246
225.296 2.8668
225.397 2.2724
225.502 2.8358
225.603 2.1902
225.705 3.1508
225.807 2.6766
225.908 1.938
226.01 2.2952
226.111 2.793
226.212 2.5404
226.314 2.7948
226.415 3.0868
226.518 1.9226
226.619 3.2622
226.72 3.0342
226.825 2.5528
226.926 2.188
227.028 2.7128
227.13 2.493
227.231 2.1844
227.333 2.5044
227.434 2.3596
227.535 2.2838
227.637 1.7682
227.738 2.4482
227.84 2.599
227.941 1.9864
228.042 1.7558
228.142 2.9128
228.243 2.452
228.344 2.5548
228.446 2.229
228.547 2.7342
228.649 1.763
228.751 2.6256
228.852 2.883
228.954 2.704
229.055 2.458
229.156 1.9396
229.258 2.2898
229.362 2.9804
229.464 3.2274
229.565 2.216
229.666 2.4154
229.768 2.1314
229.869 2.8324
229.971 1.9582
230.073 2.0962
230.174 2.9738
230.276 2.2602
230.377 2.9228
230.478 2.3904
230.58 3.036
230.684 2.134
230.786 2.5822
230.887 2.0594
230.988 2.6078
231.09 1.741
231.191 2.7808
231.292 2.2504
231.394 2.2918
231.495 2.252
231.597 3.0648
231.698 2.1068
231.799 2.6594
231.901 1.8132
232.005 3.0746
232.107 2.173
232.208 3.071
232.309 2.692
232.411 2.941
232.512 3.168
232.613 2.8506
232.715 2.4132
232.816 3.0278
232.918 2.4674
233.019 1.9934
233.12 2.7344
233.222 2.7534
233.326 2.6846
233.428 2.6016
233.53 2.6086
233.631 2.7466
233.733 2.4392
233.834 3.3892
233.935 2.3498
234.037 2.375
234.138 2.7348
234.24 2.267
234.341 2.4454
234.442 2.4132
234.544 1.946
234.643 2.9076
234.744 2.2634
234.846 2.0642
234.947 2.5112
235.049 2.6086
235.151 2.6222
235.252 3.0068
235.354 2.0142
235.455 2.6958
235.556 2.957
235.658 2.1016
235.759 2.7518
235.864 2.2154
235.965 2.5672
236.066 2.1254
236.168 3.0728
236.269 2.3402
236.371 3.2132
236.473 2.0776
236.574 2.5642
236.676 2.862
236.777 2.8112
236.878 3.251
236.98 1.9744
237.081 3.4614
237.186 2.696
237.287 2.8842
237.388 2.4656
237.49 2.8996
237.591 2.2006
237.692 2.525
237.794 2.6898
237.895 2.9774
237.997 2.1546
238.098 1.6288
238.199 2.2204
238.301 2.742
238.402 2.4948
238.507 2.8516
238.608 2.25
238.709 2.323
238.811 2.9372
238.912 2.1876
239.013 2.44
239.115 2.363
239.216 2.656
239.318 2.8582
239.419 2.9134
239.52 2.39
239.622 2.667
239.723 1.8632
239.828 2.197
239.93 2.8486
240.031 3.3326
240.133 2.3276
240.234 2.2854
240.335 2.1422
240.437 2.0182
240.538 2.5458
240.64 3.609
240.741 4.0872
240.842 2.8504
240.944 2.5844
241.045 2.6156
241.144 2.3826
241.246 1.9132
241.347 2.0628
241.449 2.5352
241.551 2.1454
241.652 2.8376
241.754 2.6178
241.855 2.5132
241.956 2.762
242.058 2.2208
242.159 2.312
242.262 2.1492
242.366 3.1458
242.467 2.023
242.569 2.3916
242.67 1.5938
242.772 2.7852
242.874 2.3252
242.975 3.5304
243.077 2.6138
243.178 3.1164
243.279 2.7498
243.381 2.489
243.482 2.4888
243.584 3.8244
243.688 2.8204
243.789 2.46
243.891 2.8452
243.992 3.4122
244.094 2.6762
244.196 2.2296
244.297 2.8376
244.399 2.1456
244.5 2.1838
244.601 2.5908
244.703 2.3846
244.804 1.733
244.907 2.62
245.011 3.146
245.112 2.578
245.214 2.6704
245.315 2.2906
245.417 2.5448
245.519 2.5548
245.62 1.8474
245.722 2.624
245.823 2.6968
245.924 2.3806
246.026 2.3406
246.127 3.0388
246.23 1.9698
246.334 2.6866
246.435 2.5156
246.537 2.1646
246.638 2.9758
246.74 2.2628
246.842 2.625
246.943 2.1726
247.045 2.011
247.146 2.0082
247.248 2.6156
247.351 2.5478
247.452 2.1948
247.554 2.4356
247.653 2.2374
247.754 2.548
247.856 2.3238
247.957 1.898
248.058 2.5102
248.16 2.451
248.261 2.6962
248.363 1.7058
248.464 2.6586
248.565 2.8678
248.668 2.008
248.769 2.042
248.875 2.5458
248.976 2.232
249.077 1.449
249.179 2.623
249.28 2.2222
249.381 2.1064
249.483 1.9774
249.584 2.2076
249.686 2.3048
249.787 2.2652
249.888 2.7778
249.99 1.7892
250.091 1.8922
250.198 2.434
250.299 2.257
250.401 1.8994
250.503 1.7512
250.604 1.867
250.705 2.327
250.808 2.0156
250.91 1.3424
251.012 2.0984
251.114 1.567
251.215 1.7774
251.318 1.5602
251.419 1.7558
251.525 1.8056
251.626 2.3174
251.727 1.4706
251.829 1.6488
251.931 1.6822
252.033 1.8674
252.134 1.7964
252.236 1.9804
252.338 1.6248
252.439 1.9866
252.542 1.7028
252.645 1.7982
252.747 1.9766
252.853 1.7438
252.955 1.746
253.058 1.9226
253.16 1.4578
253.261 1.943
253.363 1.3462
253.464 1.447
253.566 1.5114
253.668 1.4832
253.77 1.6174
253.872 1.4038
253.973 1.274
254.074 1.318
254.179 1.5674
254.28 1.3934
254.382 1.9488
254.483 1.5394
254.584 1.6186
254.686 1.5292
254.787 1.1674
254.889 1.7618
254.991 1.717
255.092 1.2774
255.194 1.5994
255.295 1.4086
255.396 1.5152
255.511 1.7774
255.611 1.5986
255.713 1.4192
255.814 1.2916
255.916 1.5946
256.017 1.5168
256.118 1.8434
256.22 1.6904
256.321 1.5632
256.422 1.3512
256.524 1.596
256.625 1.591
256.727 1.4596
256.83 1.822
256.931 1.6966
257.033 1.3584
257.134 1.5878
257.236 1.4822
257.338 1.5378
257.439 1.3094
257.541 1.1976
257.642 1.3768
257.743 1.5384
257.845 1.2468
257.946 1.5684
258.048 1.4286
258.152 1.2762
258.253 1.449
258.355 1.7046
258.456 1.3168
258.558 1.5828
258.66 1.5084
258.761 1.504
258.863 1.692
258.964 1.4564
259.065 1.3524
259.167 1.3518
259.268 1.503
259.371 1.045
259.475 1.4608
259.576 1.3576
259.678 1.4266
259.779 1.508
259.881 1.2914
259.983 1.422
260.084 1.1586
260.186 1.3304
260.287 1.7416
260.388 1.1322
260.49 1.4652
260.591 1.2118
260.694 1.6346
260.798 1.742
260.899 1.6822
261.001 1.1854
261.102 1.2992
261.204 1.4098
261.306 1.3826
261.407 1.44
261.509 1.3632
261.61 1.3216
261.711 1.0016
261.813 1.238
261.914 1.754
262.016 1.2602
262.119 1.341
262.22 1.6008
262.322 1.4648
262.423 1.2964
262.524 1.34
262.626 1.1418
262.727 1.475
262.829 1.4844
262.93 1.5318
263.031 1.6116
263.133 1.3564
263.234 1.3964
263.336 1.2166
263.438 1.1282
263.541 1.1116
263.643 1.3756
263.744 1.3044
263.845 1.3442
263.947 1.4336
264.047 1.181
264.15 1.435
264.25 1.254
264.351 1.2754
264.453 1.3962
264.553 1.235
264.654 1.3968
264.755 1.3668
264.858 1.4062
264.96 1.3844
265.06 1.3534
265.161 1.2544
265.263 1.3158
265.364 1.3658
265.464 1.4462
265.565 1.2454
265.666 1.3874
265.766 1.327
265.868 1.318
265.968 1.4882
266.07 1.3658
266.17 1.3456
266.274 1.3554
266.375 1.3352
266.475 1.3356
266.575 1.3054
266.676 1.3356
266.777 1.3462
266.88 1.3366
266.98 1.347
267.08 1.3464
267.181 1.3562
267.281 1.3164
267.381 1.3366
267.482 1.3268
267.585 1.3374
267.685 1.3174
267.786 1.3574
267.886 1.347
267.988 1.3268
268.09 1.3468
268.191 1.3366
268.293 1.3366
268.393 1.336
268.494 1.366
268.596 1.337
268.696 1.3476
268.798 1.3374
268.903 1.3578
269.003 1.3278
269.104 1.3578
269.205 1.3476
269.305 1.3476
269.406 1.3472
269.507 1.3468
269.608 1.3472
269.709 1.3468
269.81 1.3468
269.911 1.3368
270.011 1.3362
270.112 1.3558
270.213 1.3454
270.317 1.3352
270.419 1.355
270.521 1.325
270.621 1.3658
270.723 1.3552
270.823 1.3438
270.923 1.3536
271.025 1.3534
271.125 1.3432
271.226 1.3428
271.328 1.332
271.428 1.3318
271.531 1.331
271.635 1.3306
271.735 1.3404
271.836 1.3394
271.936 1.339
272.036 1.3286
272.138 1.328
272.238 1.338
272.339 1.3476
272.441 1.3374
272.541 1.337
272.643 1.3268
272.744 1.327
272.844 1.3268
272.946 1.3366
273.049 1.3262
273.15 1.3158
273.251 1.3354
273.351 1.3152
273.452 1.3256
273.553 1.3752
273.653 1.3638
273.754 1.3326
273.855 1.3322
273.955 1.3316
274.057 1.3308
274.157 1.3306
274.257 1.32
274.362 1.3296
274.463 1.3194
274.564 1.3294
274.664 1.3188
274.765 1.3184
274.866 1.318
274.967 1.2976
275.068 1.2978
275.169 1.328
275.27 1.3274
275.38 1.327
275.481 1.3366
275.584 1.3462
275.685 1.2956
275.789 1.2452
275.891 1.3058
275.991 1.295
276.091 1.2942
276.192 1.294
276.292 1.2838
276.393 1.3042
276.494 1.2838
276.595 1.3038
276.696 1.3038
276.796 1.2936
276.896 1.3042
276.997 1.3042
277.101 1.2838
277.201 1.294
277.302 1.304
277.403 1.2938
277.504 1.2932
277.605 1.3132
277.706 1.303
277.807 1.3026
277.908 1.2924
278.008 1.3024
278.11 1.302
278.21 1.2818
278.31 1.3016
278.411 1.3012
278.515 1.2908
278.617 1.291
278.718 1.2912
278.819 1.2912
278.921 1.2914
279.022 1.2814
279.124 1.3016
279.226 1.3014
279.327 1.2914
279.429 1.3016
279.53 1.3014
279.631 1.291
279.733 1.2908
279.837 1.291
279.939 1.2908
280.04 1.3006
280.141 1.3006
280.243 1.2808
280.344 1.3108
280.446 1.2906
280.548 1.3006
280.649 1.2908
280.751 1.3008
280.852 1.2906
280.953 1.2904
281.055 1.2802
281.156 1.2904
281.261 1.3002
281.362 1.29
281.463 1.28
281.565 1.27
281.666 1.2904
281.768 1.2904
281.87 1.31
281.971 1.2996
282.073 1.2796
282.174 1.2896
282.275 1.2996
282.377 1.2992
282.478 1.279
282.583 1.2892
282.684 1.2992
282.785 1.2988
282.887 1.288
282.988 1.298
283.089 1.278
283.191 1.2878
283.292 1.278
283.394 1.2782
283.495 1.2886
283.596 1.2884
283.698 1.298
283.799 1.2874
283.9 1.3074
284.005 1.2968
284.106 1.2968
284.208 1.2866
284.309 1.2962
284.41 1.296
284.512 1.2856
284.613 1.2852
284.715 1.2854
284.816 1.2952
284.917 1.2846
285.019 1.2746
285.12 1.2944
285.221 1.304
285.326 1.2836
285.427 1.294
285.529 1.2838
285.63 1.3038
285.731 1.2832
285.833 1.273
285.934 1.273
286.036 1.273
286.138 1.2832
286.239 1.273
286.341 1.273
286.442 1.2832
286.543 1.2832
286.645 1.293
286.749 1.2926
286.851 1.2724
286.952 1.2828
287.053 1.2926
287.155 1.2724
287.256 1.2824
287.358 1.2722
287.46 1.282
287.561 1.2918
287.662 1.2916
287.763 1.2812
287.864 1.2618
287.966 1.2926
288.07 1.2822
288.172 1.2724
288.273 1.3026
288.374 1.282
288.476 1.3022
288.577 1.2822
288.678 1.2722
288.78 1.2722
288.881 1.2924
288.983 1.2722
289.084 1.2924
289.185 1.2826
289.287 1.2528
289.388 1.2734
289.494 1.2836
289.595 1.2738
289.696 1.2942
289.799 1.2842
289.901 1.2744
290.004 1.2848
290.107 1.2652
290.208 1.2854
290.31 1.2854
290.412 1.3056
290.515 1.2856
290.618 1.296
290.72 1.286
290.826 1.286
290.928 1.2762
291.031 1.2866
291.133 1.2966
291.235 1.2864
291.338 1.2768
291.44 1.2964
291.542 1.2964
291.644 1.2764
291.746 1.2768
291.849 1.277
291.95 1.297
292.052 1.2868
292.154 1.287
292.258 1.2872
292.36 1.2876
292.461 1.278
292.563 1.2886
292.665 1.289
292.766 1.2892
292.868 1.3196
292.969 1.2988
293.07 1.2786
293.172 1.309
293.273 1.279
293.376 1.2794
293.477 1.2996
293.581 1.3092
293.683 1.289
293.784 1.2888
293.886 1.279
293.989 1.2894
294.09 1.2798
294.192 1.2998
294.293 1.2994
294.394 1.3092
294.496 1.2892
294.597 1.2994
294.699 1.2894
294.8 1.299
294.904 1.299
295.006 1.2992
295.107 1.3094
295.209 1.279
295.311 1.2888
295.412 1.2986
295.514 1.2984
295.615 1.2984
295.716 1.288
295.818 1.288
295.919 1.2978
296.022 1.2978
296.123 1.2776
296.224 1.2778
296.329 1.308
296.43 1.258
296.532 1.2986
296.634 1.2984
296.735 1.2886
296.837 1.2986
296.938 1.2788
297.039 1.2886
297.141 1.2984
297.242 1.2982
297.344 1.3082
297.445 1.2978
297.546 1.2976
297.651 1.287
297.752 1.2872
297.854 1.2974
297.956 1.2674
298.057 1.298
298.159 1.298
298.26 1.298
298.361 1.2978
298.463 1.2774
298.564 1.2874
298.667 1.2876
298.768 1.2774
298.869 1.297
298.971 1.2968
299.075 1.2966
299.177 1.2862
299.279 1.2862
299.38 1.2764
299.482 1.3064
299.583 1.2958
299.684 1.2858
299.786 1.2758
299.887 1.286
299.99 1.296
300.091 1.3058
300.192 1.2756
300.294 1.2758
300.398 1.276
300.5 1.2864
300.602 1.3066
300.703 1.2866
300.805 1.2862
300.906 1.2762
301.007 1.2866
301.109 1.2866
301.21 1.2964
301.312 1.2862
301.413 1.296
301.514 1.2858
301.617 1.2756
301.718 1.2958
301.824 1.2856
301.925 1.2954
302.026 1.275
302.128 1.2754
302.229 1.2856
302.33 1.2958
302.432 1.2854
302.533 1.2954
302.635 1.2752
302.736 1.2954
302.837 1.305
302.939 1.3046
303.041 1.2944
303.147 1.2842
303.248 1.2838
303.349 1.2936
303.451 1.2832
303.552 1.2932
303.654 1.2936
303.757 1.2832
303.859 1.2532
303.962 1.284
304.064 1.2838
304.166 1.2838
304.269 1.284
304.371 1.294
304.474 1.274
304.579 1.2742
304.683 1.2944
304.785 1.2942
304.887 1.2842
304.99 1.2942
305.092 1.284
305.195 1.2938
305.297 1.2938
305.399 1.2738
305.502 1.2936
305.604 1.2936
305.707 1.3036
305.809 1.2832
305.914 1.2938
306.017 1.2936
306.118 1.2936
306.221 1.2836
306.322 1.2838
306.423 1.284
306.526 1.2942
306.628 1.2836
306.731 1.2934
306.833 1.2834
306.934 1.2832
307.036 1.2836
307.138 1.294
307.241 1.2838
307.347 1.294
307.448 1.2838
307.55 1.284
307.652 1.2838
307.755 1.284
307.857 1.2842
307.959 1.284
308.062 1.2942
308.163 1.2946
308.267 1.2746
308.368 1.285
308.469 1.2748
308.572 1.2848
308.677 1.3046
308.78 1.274
308.882 1.2846
308.984 1.2748
309.087 1.2744
309.189 1.2948
309.292 1.2846
309.394 1.2946
309.495 1.2844
309.598 1.2842
309.7 1.2742
309.803 1.2944
309.904 1.3044
310.006 1.284
310.112 1.2842
310.212 1.2842
310.313 1.2846
310.415 1.2946
310.515 1.2744
310.616 1.295
310.717 1.2948
310.817 1.2844
310.919 1.2946
311.019 1.2644
311.119 1.2946
311.22 1.2944
311.32 1.2942
311.424 1.2942
311.525 1.294
311.626 1.254
311.728 1.2738
311.829 1.2942
311.93 1.2838
312.032 1.3038
312.133 1.3034
312.235 1.2828
312.335 1.2932
312.436 1.2832
312.537 1.2932
312.638 1.2632
312.738 1.2936
312.842 1.2934
312.942 1.2736
313.043 1.2936
313.144 1.3134
313.244 1.2928
313.345 1.2926
313.446 1.2724
313.546 1.2726
313.647 1.2728
313.748 1.2732
313.848 1.3034
313.949 1.293
314.049 1.2724
314.153 1.2928
314.255 1.2828
314.356 1.283
314.458 1.273
314.558 1.2822
314.658 1.2824
314.76 1.292
314.861 1.2916
314.961 1.2716
315.063 1.282
315.164 1.2814
315.266 1.2916
315.367 1.281
315.468 1.2812
315.573 1.301
315.674 1.2804
315.776 1.2704
315.877 1.2906
315.978 1.2704
316.08 1.2904
316.181 1.2802
316.282 1.28
316.384 1.29
316.485 1.2796
316.587 1.2896
316.688 1.2496
316.789 1.2904
316.893 1.2702
316.993 1.2804
317.093 1.2804
317.194 1.2702
317.295 1.3006
317.396 1.29
317.498 1.2796
317.598 1.2898
317.699 1.2896
317.799 1.2786
317.899 1.2984
318 1.2678
318.101 1.278
318.201 1.278
318.305 1.2778
318.406 1.2776
318.508 1.2676
318.608 1.268
318.709 1.278
318.811 1.278
318.912 1.2778
319.013 1.2876
319.115 1.2778
319.216 1.2776
319.318 1.2772
319.419 1.2768
319.52 1.2266
319.624 1.2876
319.725 1.2674
319.825 1.2576
319.927 1.2774
320.028 1.2872
320.13 1.2568
320.231 1.297
320.331 1.267
320.432 1.2972
320.533 1.2768
320.634 1.267
320.736 1.2774
320.837 1.277
320.942 1.2766
321.043 1.2758
321.143 1.2756
321.245 1.2658
321.346 1.276
321.448 1.266
321.55 1.2762
321.651 1.286
321.753 1.2956
321.854 1.276
321.955 1.2662
322.057 1.276
322.158 1.266
322.26 1.2762
322.365 1.266
322.466 1.266
322.568 1.286
322.669 1.2758
322.771 1.2258
322.873 1.2664
322.974 1.2664
323.076 1.2764
323.177 1.2762
323.278 1.2658
323.38 1.2656
323.481 1.2758
323.582 1.2956
323.687 1.275
323.787 1.2848
323.889 1.2544
323.99 1.2644
324.091 1.2644
324.193 1.2744
324.293 1.2642
324.395 1.2644
324.496 1.2844
324.597 1.2738
324.699 1.2736
324.8 1.2634
324.901 1.2532
325.002 1.2736
325.106 1.2634
325.208 1.2636
325.309 1.274
325.41 1.2834
325.512 1.2832
325.613 1.2628
325.715 1.2826
325.817 1.2524
325.918 1.2528
326.02 1.233
326.121 1.2636
326.221 1.284
326.323 1.2736
326.426 1.2734
326.528 1.2734
326.629 1.2736
326.729 1.2638
326.83 1.3038
326.931 1.283
327.032 1.262
327.133 1.2724
327.234 1.2726
327.334 1.2726
327.436 1.2626
327.536 1.262
327.638 1.272
327.741 1.2618
327.842 1.2618
327.944 1.272
328.044 1.262
328.145 1.262
328.247 1.252
328.348 1.2522
328.45 1.2724
328.551 1.2626
328.652 1.2626
328.754 1.2624
328.855 1.2624
328.955 1.2524
329.057 1.2522
329.161 1.262
329.263 1.2618
329.364 1.2718
329.465 1.2516
329.567 1.2416
329.668 1.262
329.771 1.2622
329.872 1.2626
329.972 1.273
330.074 1.2632
330.174 1.2636
330.275 1.2736
330.377 1.2428
330.481 1.2634
330.583 1.2532
330.684 1.273
330.784 1.273
330.885 1.2728
330.986 1.2628
331.087 1.2632
331.189 1.2834
331.289 1.2634
331.392 1.2634
331.493 1.2634
331.594 1.2836
331.696 1.2732
331.797 1.2632
331.911 1.2632
332.011 1.2334
332.112 1.2746
332.214 1.2742
332.315 1.264
332.417 1.264
332.518 1.2338
332.619 1.2646
332.721 1.2644
332.821 1.2646
332.922 1.2748
333.024 1.2646
333.125 1.2548
333.23 1.265
333.331 1.2654
333.432 1.2758
333.534 1.276
333.635 1.2656
333.737 1.2458
333.839 1.266
333.94 1.2662
334.042 1.2562
334.143 1.257
334.244 1.257
334.346 1.2574
334.447 1.2682
334.552 1.2684
334.653 1.2684
334.754 1.2884
334.856 1.2882
334.957 1.2878
335.059 1.2758
335.161 1.2756
335.262 1.2754
335.364 1.235
335.465 1.285
335.566 1.2444
335.668 1.2446
335.769 1.255
335.872 1.265
335.976 1.2752
336.077 1.2752
336.179 1.2748
336.28 1.284
336.382 1.264
336.484 1.2546
336.585 1.2848
336.687 1.2542
336.788 1.274
336.889 1.2638
336.991 1.2642
337.092 1.2928
337.195 1.2624
337.299 1.2624
337.4 1.2722
337.502 1.2618
337.603 1.2722
337.705 1.2516
337.807 1.272
337.908 1.2718
338.01 1.2518
338.111 1.2716
338.212 1.2718
338.314 1.272
338.415 1.2714
338.518 1.271
338.619 1.251
338.723 1.2712
338.825 1.2612
338.926 1.2712
339.028 1.261
339.13 1.291
339.231 1.2506
339.333 1.2712
339.434 1.3014
339.535 1.2606
339.637 1.2608
339.738 1.261
339.84 1.261
339.941 1.2612
340.045 1.1814
340.147 1.273
340.248 1.2734
340.35 1.2532
340.452 1.2438
340.553 1.2546
340.655 1.265
340.756 1.2648
340.857 1.2646
340.959 1.275
341.06 1.2748
341.163 1.2646
341.264 1.2346
341.368 1.2856
341.47 1.2954
341.571 1.2646
341.673 1.2544
341.775 1.2546
341.876 1.2552
341.978 1.2752
342.079 1.2048
342.18 1.2756
342.282 1.2656
342.383 1.2756
342.486 1.2656
342.587 1.2862
342.688 1.2356
342.803 1.266
342.903 1.266
343.004 1.286
343.105 1.256
343.206 1.2662
343.308 1.2758
343.409 1.2556
343.511 1.2658
343.611 1.2758
343.712 1.2758
343.814 1.2754
343.915 1.255
344.016 1.2252
344.121 1.2652
344.222 1.276
344.324 1.2858
344.425 1.2852
344.526 1.2552
344.628 1.2754
344.729 1.2752
344.832 1.265
344.933 1.2648
345.034 1.275
345.136 1.2548
345.237 1.285
345.338 1.2648
345.443 1.2748
345.544 1.2744
345.646 1.2738
345.747 1.2436
345.848 1.2442
345.95 1.2846
346.051 1.264
346.153 1.2542
346.255 1.2638
346.356 1.2738
346.458 1.2636
346.559 1.2538
346.66 1.2642
346.762 1.2542
346.866 1.2842
346.968 1.264
347.069 1.2542
347.17 1.2342
347.272 1.2648
347.373 1.2648
347.475 1.255
347.577 1.2844
347.677 1.2442
347.779 1.2648
347.88 1.2752
347.981 1.2652
348.083 1.2552
348.187 1.2646
348.289 1.265
348.39 1.2748
348.491 1.2546
348.592 1.255
348.692 1.2652
348.793 1.2554
348.895 1.256
348.995 1.2664
349.097 1.2566
349.199 1.297
349.3 1.2666
349.402 1.2468
349.506 1.277142857
349.608 1.266875
349.71 1.266808511
349.811 1.26673913
349.913 1.246888889
350.014 1.277272727
350.115 1.276976744
350.217 1.267142857
350.318 1.277073171
350.419 1.26675
350.521 1.256923077
350.622 1.247105263
350.724 1.257567568
350.824 1.277777778
350.927 1.267428571
351.029 1.247352941
351.129 1.277878788
351.232 1.2378125
351.333 1.268709677
351.433 1.279
351.535 1.288965517
351.636 1.278571429
351.737 1.268518519
351.839 1.258846154
351.94 1.2692
352.043 1.289166667
352.144 1.269130435
352.247 1.279545455
352.349 1.27952381
352.45 1.2795
352.552 1.239473684
352.654 1.271666667
352.755 1.291764706
352.857 1.28125
352.958 1.270666667
353.059 1.270714286
353.161 1.251538462
353.262 1.303333333
353.364 1.262727273
353.466 1.265
353.57 1.286666667
353.672 1.27625
353.773 1.287142857
353.875 1.296666667
353.977 1.276
354.078 1.2875
354.18 1.286666667
354.281 1.295
354.381 1.27
