0.000000	-0.001079	0.000326	-0.001069	-0.000220
0.010000	-0.001071	0.001459	-100.000206	-100.007729
0.020000	-0.001098	0.003109	-100.011971	-100.001190
0.030000	-0.001138	0.005299	-100.004219	-99.989632
0.040000	-0.001164	0.008027	-100.015961	-100.001297
0.050000	-0.001199	0.011299	-99.992790	-99.999313
0.060000	-0.001242	0.015153	-99.995178	-100.003067
0.070000	-0.001328	0.019580	-99.993500	-100.009705
0.080000	-0.001423	0.024560	-100.006317	-99.991119
0.090000	-0.001541	0.030090	-99.996651	-99.992599
0.100000	-0.001695	0.036144	-99.992172	-99.992661
0.110000	-0.001816	0.042789	-99.998352	-99.984673
0.120000	-0.001915	0.049996	-100.000214	-99.987984
0.130000	-0.002015	0.057799	-99.999962	-100.007378
0.140000	-0.002162	0.066135	-100.010170	-100.004311
0.150000	-0.002366	0.075007	-99.997673	-99.990494
0.160000	-0.002549	0.084447	-100.008270	-99.990372
0.170000	-0.002739	0.094427	-99.997879	-99.996422
0.180000	-0.002896	0.104966	-99.993134	-100.021645
0.190000	-0.003070	0.116064	-100.009628	-100.005890
0.200000	-0.003235	0.127723	-100.000496	-99.978752
0.210000	-0.003384	0.139937	-99.981766	-100.002716
0.220000	-0.003509	0.152708	-99.992577	-100.003151
0.230000	-0.003656	0.166013	-99.999733	-99.999023
0.240000	-0.003797	0.179912	-100.001442	-100.002762
0.250000	-0.003948	0.194364	-99.982628	-99.998322
0.260000	-0.004089	0.209375	-100.010857	-100.000595
0.270000	-0.004201	0.224937	-100.018791	-100.003540
0.280000	-0.004309	0.241075	-100.013474	-100.008507
0.290000	-0.004427	0.257766	-99.994545	-99.991104
0.300000	-0.004546	0.275013	-100.000534	-100.000580
0.310000	-0.004641	0.292830	-99.996559	-100.000031
0.320000	-0.004694	0.311187	-99.993187	-100.004333
0.330000	-0.004788	0.330067	-99.988365	-99.987549
0.340000	-0.004875	0.349503	-100.005638	-99.991203
0.350000	-0.004943	0.369500	-100.014206	-99.961807
0.360000	-0.005022	0.390052	-100.014076	-100.001343
0.370000	-0.005129	0.411155	-99.998367	-100.009186
0.380000	-0.005237	0.432795	-99.993217	-100.009781
0.390000	-0.005348	0.455006	-100.008316	-100.001892
0.400000	-0.005462	0.477783	-99.990730	-100.009705
0.410000	-0.005589	0.501105	-99.997925	-100.012947
0.420000	-0.005720	0.524969	-100.012489	-100.025192
0.430000	-0.005871	0.549370	-99.993057	-100.006470
0.440000	-0.006012	0.574334	-99.999237	-99.979660
0.450000	-0.006167	0.599854	-100.008591	-99.994453
0.460000	-0.006345	0.625944	-100.002335	-100.013916
0.470000	-0.006552	0.652600	-99.990135	-99.992668
0.480000	-0.006782	0.679823	-100.003082	-99.994850
0.490000	-0.007020	0.707582	-100.008553	-99.989784
0.500000	-0.019534	0.720021	-0.019301	0.691700
0.510000	-0.019765	0.748867	-99.995491	-99.996300
0.520000	-0.019968	0.778256	-99.997704	-100.014252
0.530000	-0.020193	0.808214	-99.988647	-99.992645
0.540000	-0.020430	0.838713	-99.985054	-100.001007
0.550000	-0.020685	0.869781	-99.999641	-99.993988
0.560000	-0.020929	0.901436	-99.993790	-99.998039
0.570000	-0.021149	0.933639	-100.012123	-99.989304
0.580000	-0.021377	0.966388	-100.003296	-100.004509
0.590000	-0.021610	0.999681	-99.976883	-100.002129
0.600000	-0.021844	1.033503	-100.003960	-99.986389
0.610000	-0.022088	1.067871	-99.994911	-99.999771
0.620000	-0.022296	1.102800	-99.998955	-99.997398
0.630000	-0.022479	1.138271	-100.008568	-99.989258
0.640000	-0.022672	1.174301	-100.003349	-99.995728
0.650000	-0.022864	1.210926	-99.991913	-99.990280
0.660000	-0.023040	1.248166	-100.010666	-99.988770
0.670000	-0.023210	1.285980	-100.008835	-99.991524
0.680000	-0.023354	1.324356	-99.985184	-100.014053
0.690000	-0.023492	1.363304	-100.023392	-100.002899
0.700000	-0.023628	1.402778	-99.995125	-100.008255
0.710000	-0.023786	1.442791	-99.996826	-99.999649
0.720000	-0.023917	1.483367	-99.985641	-99.998932
0.730000	-0.024065	1.524459	-99.987694	-99.993477
0.740000	-0.024229	1.566109	-100.008118	-99.992241
0.750000	-0.024421	1.608332	-100.017914	-100.002686
0.760000	-0.024624	1.651116	-100.014511	-99.984741
0.770000	-0.024798	1.694488	-99.998734	-100.006317
0.780000	-0.024952	1.738430	-100.005318	-100.012665
0.790000	-0.025084	1.782948	-99.983078	-99.982101
0.800000	-0.025199	1.828029	-100.003502	-100.024353
0.810000	-0.025340	1.873663	-100.007240	-99.984695
0.820000	-0.025466	1.919868	-100.003395	-99.981445
0.830000	-0.025591	1.966689	-99.999657	-99.986649
0.840000	-0.025710	2.014077	-100.002510	-99.975441
0.850000	-0.025793	2.062024	-100.013359	-100.005928
0.860000	-0.025857	2.110512	-99.998741	-99.995903
0.870000	-0.025950	2.159524	-99.996788	-100.002602
0.880000	-0.026039	2.209108	-100.001976	-100.006905
0.890000	-0.026122	2.259216	-100.016190	-100.000870
0.900000	-0.026213	2.309877	-100.000488	-99.998909
0.910000	-0.026284	2.361140	-99.996391	-99.992035
0.920000	-0.026388	2.412923	-99.987816	-99.983994
0.930000	-0.026474	2.465225	-100.001160	-99.997139
0.940000	-0.026573	2.518102	-99.994606	-100.004494
0.950000	-0.026676	2.571543	-100.022491	-99.996056
0.960000	-0.026792	2.625569	-99.989532	-99.989639
0.970000	-0.026896	2.680129	-99.998154	-100.007713
0.980000	-0.026993	2.735222	-99.988251	-99.988403
0.990000	-0.027100	2.790859	-100.005028	-100.004539
1.000000	-0.016910	2.842001	-0.016800	2.785769
1.010000	-0.017015	2.898776	-100.025284	-100.000916
1.020000	-0.017161	2.956115	-99.993080	-99.988243
1.030000	-0.017326	3.014000	-99.996780	-100.004921
1.040000	-0.017490	3.072431	-100.011444	-99.992828
1.050000	-0.017646	3.131431	-100.010025	-100.002319
1.060000	-0.017798	3.191001	-100.006996	-100.016037
1.070000	-0.017960	3.251136	-100.003319	-99.996490
1.080000	-0.018130	3.311821	-100.013214	-99.984291
1.090000	-0.018327	3.373043	-100.011070	-99.978310
1.100000	-0.018513	3.434772	-100.005180	-99.997597
1.110000	-0.018680	3.497042	-100.022919	-100.015686
1.120000	-0.018857	3.559884	-99.991035	-99.985741
1.130000	-0.019021	3.623296	-99.996841	-99.974937
1.140000	-0.019201	3.687278	-100.010269	-100.008842
1.150000	-0.019376	3.751791	-99.992569	-99.989075
1.160000	-0.019559	3.816865	-99.988594	-100.005142
1.170000	-0.019791	3.882483	-100.005096	-100.001579
1.180000	-0.020034	3.948638	-100.012810	-100.022133
1.190000	-0.020260	4.015334	-100.018219	-100.003159
1.200000	-0.020514	4.082574	-100.003792	-100.010857
1.210000	-0.020791	4.150377	-99.986115	-100.024872
1.220000	-0.021077	4.218755	-99.995956	-99.990295
1.230000	-0.021390	4.287698	-100.012360	-100.006081
1.240000	-0.021723	4.357195	-99.983932	-100.001724
1.250000	-0.022013	4.427226	-99.999191	-99.993538
1.260000	-0.022268	4.497817	-99.994240	-100.008041
1.270000	-0.022514	4.568970	-100.000443	-100.010643
1.280000	-0.022739	4.640678	-100.000130	-100.012833
1.290000	-0.022949	4.712948	-100.010818	-99.998688
1.300000	-0.023139	4.785768	-99.992531	-99.988144
1.310000	-0.023347	4.859142	-99.997612	-100.001404
1.320000	-0.023538	4.933084	-100.004128	-100.011414
1.330000	-0.023739	5.007565	-99.996414	-99.990242
1.340000	-0.023959	5.082633	-99.990891	-99.991013
1.350000	-0.024158	5.158267	-99.997032	-100.017143
1.360000	-0.024338	5.234477	-100.011780	-100.005142
1.370000	-0.024517	5.311234	-99.988930	-100.002563
1.380000	-0.024698	5.388510	-100.001945	-99.997627
1.390000	-0.024850	5.466331	-100.005394	-99.997002
1.400000	-0.025025	5.544674	-100.006470	-100.003395
1.410000	-0.025197	5.623538	-100.014999	-99.993935
1.420000	-0.025359	5.702965	-99.994812	-100.005135
1.430000	-0.025521	5.782961	-99.972931	-100.005852
1.440000	-0.025677	5.863523	-99.979057	-99.994453
1.450000	-0.025836	5.944613	-99.994461	-99.988289
1.460000	-0.026001	6.026292	-100.006767	-99.995087
1.470000	-0.026157	6.108512	-99.989357	-100.010765
1.480000	-0.026340	6.191284	-100.015144	-100.009232
1.490000	-0.026516	6.274625	-99.998856	-99.997833
1.500000	0.002617	6.346384	0.002759	6.262494
1.510000	0.002466	6.430844	-99.988152	-99.999031
1.520000	0.002339	6.515835	-100.010254	-100.006783
1.530000	0.002200	6.601377	-99.988380	-99.989128
1.540000	0.002113	6.687483	-100.002510	-100.006004
1.550000	0.002017	6.774133	-100.007355	-99.989632
1.560000	0.001920	6.861328	-100.001938	-99.977371
1.570000	0.001814	6.949110	-99.997284	-99.995064
1.580000	0.001728	7.037446	-99.991150	-100.023453
1.590000	0.001671	7.126331	-99.993546	-100.008804
1.600000	0.001607	7.215768	-99.985939	-99.995338
1.610000	0.001557	7.305799	-100.000961	-100.008415
1.620000	0.001500	7.396332	-99.996986	-100.009521
1.630000	0.001466	7.487412	-100.005089	-100.013069
1.640000	0.001443	7.579060	-100.028381	-100.000366
1.650000	0.001405	7.671296	-100.016525	-100.004517
1.660000	0.001364	7.764098	-99.991608	-99.994141
1.670000	0.001281	7.857455	-100.005753	-100.009972
1.680000	0.001167	7.951396	-100.005310	-99.991753
1.690000	0.001047	8.045947	-99.980385	-99.983360
1.700000	0.000919	8.141026	-99.980743	-99.992577
1.710000	0.000782	8.236694	-100.014549	-99.995644
1.720000	0.000640	8.332951	-99.997704	-99.977913
1.730000	0.000534	8.429771	-100.000854	-100.017387
1.740000	0.000444	8.527082	-100.004631	-100.013817
1.750000	0.000340	8.624906	-99.986870	-99.997620
1.760000	0.000258	8.723287	-100.009117	-100.006981
1.770000	0.000162	8.822254	-100.001419	-100.002251
1.780000	0.000069	8.921762	-100.003670	-100.011169
1.790000	-0.000022	9.021819	-99.994759	-99.996613
1.800000	-0.000114	9.122429	-100.002449	-100.014091
1.810000	-0.000201	9.223594	-100.010925	-100.002594
1.820000	-0.000304	9.325329	-100.027740	-99.996681
1.830000	-0.000384	9.427592	-100.003876	-99.997917
1.840000	-0.000461	9.530397	-100.007187	-100.015083
1.850000	-0.000551	9.633743	-100.008904	-100.005333
1.860000	-0.000641	9.737638	-99.997238	-100.001190
1.870000	-0.000731	9.842071	-99.997192	-100.008705
1.880000	-0.000819	9.947067	-99.993561	-99.998978
1.890000	-0.000885	10.052618	-100.013992	-99.995491
1.900000	-0.000949	10.158724	-100.006866	-100.004189
1.910000	-0.001003	10.265388	-99.996170	-99.998177
1.920000	-0.001075	10.372618	-99.987556	-100.006355
1.930000	-0.001086	10.480391	-99.995804	-100.003433
1.940000	-0.001098	10.588752	-99.995323	-100.003052
1.950000	-0.001100	10.697641	-100.000404	-99.994347
1.960000	-0.001136	10.807079	-100.012703	-99.992203
1.970000	-0.001166	10.917031	-99.989082	-99.993607
1.980000	-0.001221	11.027530	-100.002274	-100.001587
1.990000	-0.001261	11.138610	-100.004028	-99.993889
2.000000	0.000686	11.224089	-0.000883	11.112996
2.010000	0.003860	11.335132	-100.002998	-100.010155
2.020000	0.008647	11.446078	-99.996742	-99.988281
2.030000	0.015062	11.556899	-100.001122	-99.999741
2.040000	0.023093	11.667594	-99.995598	-99.992706
2.050000	0.032736	11.778120	-99.995079	-100.004898
2.060000	0.043995	11.888450	-100.014870	-100.005119
2.070000	0.056880	11.998593	-100.009506	-100.011551
2.080000	0.071364	12.108535	-100.002167	-99.997437
2.090000	0.087465	12.218200	-99.987053	-99.981010
2.100000	0.105180	12.327613	-99.995110	-100.010101
2.110000	0.124482	12.436754	-100.008888	-100.011719
2.120000	0.145408	12.545592	-99.997940	-100.000992
2.130000	0.167924	12.654056	-99.998390	-100.017128
2.140000	0.192014	12.762169	-99.995796	-100.002762
2.150000	0.217685	12.869908	-100.014351	-100.001717
2.160000	0.244917	12.977240	-100.011200	-99.995247
2.170000	0.273705	13.084155	-100.009300	-99.996414
2.180000	0.304060	13.190637	-99.998589	-99.979912
2.190000	0.335982	13.296656	-100.018135	-99.996292
2.200000	0.369438	13.402171	-100.001305	-100.006195
2.210000	0.404412	13.507197	-100.009880	-100.004074
2.220000	0.440890	13.611717	-99.998520	-100.003464
2.230000	0.478856	13.715730	-100.010063	-99.989670
2.240000	0.518321	13.819163	-100.006516	-99.988258
2.250000	0.559308	13.921981	-99.993057	-99.973785
2.260000	0.601767	14.024203	-100.003868	-99.990639
2.270000	0.645698	14.125800	-100.003540	-99.983025
2.280000	0.691122	14.226718	-100.011864	-99.992928
2.290000	0.738012	14.326958	-99.995995	-100.013344
2.300000	0.786389	14.426441	-99.998550	-100.000618
2.310000	0.836200	14.525207	-99.995094	-99.996628
2.320000	0.887464	14.623210	-99.992104	-99.996712
2.330000	0.940161	14.720428	-100.009247	-99.999855
2.340000	0.994238	14.816879	-100.007477	-100.006966
2.350000	1.049733	14.912509	-99.998085	-99.994537
2.360000	1.106632	15.007277	-99.993523	-100.000748
2.370000	1.164888	15.101204	-99.992607	-99.995750
2.380000	1.224480	15.194291	-99.995529	-100.004051
2.390000	1.285416	15.286491	-99.985115	-100.011040
2.400000	1.347679	15.377783	-100.015907	-99.995728
2.410000	1.411266	15.468136	-100.008018	-99.986214
2.420000	1.476178	15.557521	-99.992332	-99.992996
2.430000	1.542396	15.645925	-100.006355	-100.010750
2.440000	1.609895	15.733336	-100.010475	-100.003235
2.450000	1.678645	15.819753	-100.008308	-100.008530
2.460000	1.748643	15.905149	-100.003403	-99.990120
2.470000	1.819858	15.989514	-99.999413	-100.008598
2.480000	1.892289	16.072817	-99.985527	-99.998428
2.490000	1.965911	16.155046	-100.000656	-99.991364
2.500000	2.025678	16.280100	1.950864	16.198980
2.510000	2.101691	16.360075	-99.999893	-99.998024
2.520000	2.178855	16.438917	-100.012306	-99.999207
2.530000	2.257128	16.516634	-100.003319	-99.994766
2.540000	2.336518	16.593185	-100.009964	-99.991425
2.550000	2.417030	16.668531	-100.003792	-99.999191
2.560000	2.498625	16.742680	-100.003036	-99.996620
2.570000	2.581270	16.815626	-100.015762	-99.989807
2.580000	2.664968	16.887342	-99.998222	-100.000656
2.590000	2.749706	16.957804	-99.994125	-99.991066
2.600000	2.835468	17.026995	-99.999603	-100.003815
2.610000	2.922237	17.094904	-100.004547	-100.013321
2.620000	3.009955	17.161547	-100.000664	-99.984596
2.630000	3.098631	17.226881	-99.991913	-100.003296
2.640000	3.188248	17.290895	-100.005096	-99.995262
2.650000	3.278782	17.353569	-99.991455	-100.003838
2.660000	3.370214	17.414888	-100.016212	-99.995682
2.670000	3.462527	17.474852	-99.990906	-100.023544
2.680000	3.555737	17.533407	-100.008141	-100.003136
2.690000	3.649791	17.590578	-99.979980	-100.006485
2.700000	3.744659	17.646351	-99.999390	-99.990501
2.710000	3.840328	17.700718	-100.002098	-99.985901
2.720000	3.936770	17.753681	-100.006004	-99.996323
2.730000	4.033950	17.805222	-100.009277	-99.983192
2.740000	4.131876	17.855314	-99.995735	-100.003906
2.750000	4.230486	17.903990	-100.008385	-100.006897
2.760000	4.329814	17.951162	-99.998314	-100.003967
2.770000	4.429800	17.996859	-99.990616	-100.017670
2.780000	4.530419	18.041075	-99.993095	-99.998802
2.790000	4.631651	18.083813	-100.001045	-100.008400
2.800000	4.733496	18.125038	-99.991272	-100.007812
2.810000	4.835903	18.164766	-99.996368	-99.996422
2.820000	4.938879	18.202982	-100.002373	-100.006149
2.830000	5.042382	18.239689	-100.002434	-100.002754
2.840000	5.146410	18.274849	-100.001358	-99.994324
2.850000	5.250931	18.308479	-100.006676	-99.994080
2.860000	5.355927	18.340563	-100.007629	-99.993790
2.870000	5.461392	18.371082	-100.007347	-100.004639
2.880000	5.567294	18.400011	-99.991196	-99.986443
2.890000	5.673600	18.427422	-99.992546	-100.000427
2.900000	5.780319	18.453257	-99.996185	-100.002258
2.910000	5.887409	18.477493	-99.997009	-100.011711
2.920000	5.994814	18.500189	-99.997444	-99.992699
2.930000	6.102518	18.521307	-100.003601	-100.010193
2.940000	6.210512	18.540815	-100.015053	-100.001778
2.950000	6.318763	18.558735	-100.015930	-100.010002
2.960000	6.427289	18.575064	-99.994965	-99.986313
2.970000	6.536012	18.589815	-100.003693	-99.990730
2.980000	6.644918	18.602957	-99.998604	-99.992355
2.990000	6.754027	18.614481	-100.014198	-100.009308
3.000000	6.860439	18.690590	6.751218	18.680666
3.010000	6.969802	18.698921	-100.000618	-99.993774
3.020000	7.079296	18.705652	-99.986427	-100.007706
3.030000	7.188860	18.710747	-100.006142	-100.008163
3.040000	7.298476	18.714212	-99.982437	-99.990440
3.050000	7.408167	18.716093	-100.007584	-99.997925
3.060000	7.517884	18.716352	-99.992867	-99.986465
3.070000	7.627579	18.714994	-99.995033	-100.024529
3.080000	7.737227	18.711996	-100.006203	-99.996208
3.090000	7.846782	18.707371	-99.980797	-99.977516
3.100000	7.956266	18.701117	-99.983002	-99.992363
3.110000	8.065618	18.693253	-99.996506	-100.004654
3.120000	8.174855	18.683777	-100.006546	-99.998642
3.130000	8.283969	18.672691	-100.015579	-100.012672
3.140000	8.392909	18.659992	-99.999802	-99.984398
3.150000	8.501653	18.645664	-100.008797	-99.997681
3.160000	8.610181	18.629770	-99.996010	-100.008766
3.170000	8.718466	18.612272	-100.021500	-99.978577
3.180000	8.826472	18.593143	-99.996063	-100.020294
3.190000	8.934208	18.572426	-100.020760	-100.004036
3.200000	9.041631	18.550125	-100.009354	-100.000122
3.210000	9.148709	18.526218	-100.015289	-99.979797
3.220000	9.255437	18.500700	-99.992973	-100.000786
3.230000	9.361749	18.473627	-100.004051	-99.977707
3.240000	9.467674	18.445024	-100.002655	-100.003189
3.250000	9.573150	18.414854	-100.004715	-100.004333
3.260000	9.678171	18.383121	-100.023972	-100.005402
3.270000	9.782722	18.349867	-100.004135	-99.991997
3.280000	9.886776	18.315071	-100.001328	-100.001465
3.290000	9.990295	18.278757	-100.007393	-99.999023
3.300000	10.093273	18.240932	-99.989365	-100.000290
3.310000	10.195658	18.201612	-99.983948	-99.992241
3.320000	10.297438	18.160780	-99.985313	-99.975075
3.330000	10.398607	18.118483	-100.014923	-99.996323
3.340000	10.499161	18.074711	-100.008347	-99.991989
3.350000	10.599069	18.029478	-99.992805	-99.992798
3.360000	10.698273	17.982782	-100.012794	-99.979248
3.370000	10.796804	17.934649	-100.001328	-99.988747
3.380000	10.894598	17.885044	-100.007607	-100.007195
3.390000	10.991665	17.834019	-100.002960	-99.994072
3.400000	11.087944	17.781548	-99.988777	-99.990730
3.410000	11.183402	17.727634	-99.999077	-100.007233
3.420000	11.278050	17.672316	-100.003021	-99.996880
3.430000	11.371840	17.615576	-100.005379	-99.993576
3.440000	11.464765	17.557438	-100.003593	-99.982742
3.450000	11.556821	17.497934	-100.009262	-99.991524
3.460000	11.647987	17.437080	-100.002670	-100.010353
3.470000	11.738241	17.374874	-99.987152	-100.004837
3.480000	11.827573	17.311348	-99.983543	-99.992210
3.490000	11.915966	17.246513	-99.993568	-99.990067
3.500000	12.118402	17.276512	12.030984	17.342670
3.510000	12.204839	17.209070	-99.997986	-100.017494
3.520000	12.290280	17.140354	-100.011345	-99.995361
3.530000	12.374669	17.070345	-99.982597	-100.008713
3.540000	12.458017	16.999088	-100.004616	-100.017982
3.550000	12.540331	16.926622	-99.992012	-99.993515
3.560000	12.621579	16.852953	-99.984062	-99.989655
3.570000	12.701726	16.778076	-100.002785	-99.995697
3.580000	12.780767	16.702021	-100.007118	-99.998878
3.590000	12.858696	16.624813	-100.003906	-99.997757
3.600000	12.935490	16.546463	-99.989250	-99.990799
3.610000	13.011113	16.466970	-99.991272	-99.980293
3.620000	13.085558	16.386356	-99.997810	-99.994492
3.630000	13.158801	16.304628	-99.999855	-99.991463
3.640000	13.230833	16.221817	-99.998695	-99.996269
3.650000	13.301626	16.137922	-100.004730	-99.990456
3.660000	13.371169	16.052967	-100.008858	-99.986275
3.670000	13.439467	15.966991	-100.027794	-99.996849
3.680000	13.506488	15.879993	-100.015388	-99.996468
3.690000	13.572243	15.792013	-100.002312	-99.992111
3.700000	13.636714	15.703067	-99.984138	-99.999374
3.710000	13.699907	15.613195	-99.997101	-99.999023
3.720000	13.761773	15.522392	-100.007935	-100.011917
3.730000	13.822297	15.430676	-100.022255	-99.988983
3.740000	13.881455	15.338047	-99.999008	-100.002579
3.750000	13.939250	15.244518	-100.008850	-100.007736
3.760000	13.995693	15.150149	-99.987984	-99.990936
3.770000	14.050776	15.054973	-100.000481	-100.001091
3.780000	14.104476	14.958989	-100.000069	-99.992638
3.790000	14.156762	14.862194	-100.008156	-100.000244
3.800000	14.207657	14.764646	-100.014931	-100.008301
3.810000	14.257123	14.666349	-99.992577	-100.005661
3.820000	14.305120	14.567308	-100.012589	-100.000870
3.830000	14.351679	14.467573	-99.997284	-100.031075
3.840000	14.396736	14.367114	-99.992126	-99.999619
3.850000	14.440306	14.265961	-100.009010	-99.991478
3.860000	14.482424	14.164191	-100.011765	-100.007683
3.870000	14.523015	14.061798	-100.004372	-99.993759
3.880000	14.562127	13.958846	-99.998505	-100.003059
3.890000	14.599724	13.855288	-100.019684	-99.999771
3.900000	14.635797	13.751180	-99.995689	-100.010704
3.910000	14.670340	13.646562	-99.995087	-100.005417
3.920000	14.703346	13.541442	-100.004395	-100.004868
3.930000	14.734817	13.435830	-99.998543	-100.013672
3.940000	14.764749	13.329742	-100.006187	-100.008995
3.950000	14.793109	13.223208	-99.999802	-99.996315
3.960000	14.819889	13.116269	-99.993546	-100.013786
3.970000	14.845108	13.008965	-100.006660	-100.017624
3.980000	14.868755	12.901303	-100.008362	-99.993309
3.990000	14.890836	12.793246	-99.988167	-100.008179
4.000000	15.071206	12.713767	15.050692	12.822159
4.010000	15.090162	12.605062	-100.003815	-99.995346
4.020000	15.107510	12.496045	-99.994919	-99.990593
4.030000	15.123308	12.386797	-99.989685	-99.980423
4.040000	15.137521	12.277322	-100.002411	-100.001976
4.050000	15.150136	12.167632	-99.996201	-100.003792
4.060000	15.161116	12.057710	-99.999268	-100.008102
4.070000	15.170508	11.947595	-99.998848	-99.996025
4.080000	15.178308	11.837309	-100.004715	-99.991524
4.090000	15.184484	11.726901	-99.999954	-100.012321
4.100000	15.189027	11.616397	-100.005684	-99.981682
4.110000	15.191938	11.505798	-99.992981	-100.009575
4.120000	15.193219	11.395151	-99.991875	-99.990257
4.130000	15.192879	11.284470	-99.983498	-100.002335
4.140000	15.190886	11.173769	-100.002823	-99.984962
4.150000	15.187275	11.063081	-99.998558	-100.004532
4.160000	15.182059	10.952464	-100.007614	-99.987328
4.170000	15.175203	10.841928	-100.008003	-100.001984
4.180000	15.166790	10.731471	-99.995407	-100.003059
4.190000	15.156777	10.621146	-99.994255	-99.999840
4.200000	15.145171	10.510947	-99.987122	-100.003349
4.210000	15.131960	10.400910	-99.999123	-99.990616
4.220000	15.117143	10.291072	-99.999672	-100.007843
4.230000	15.100743	10.181433	-99.983131	-99.995476
4.240000	15.082741	10.072004	-100.007332	-99.995728
4.250000	15.063162	9.962793	-99.991669	-99.995743
4.260000	15.041989	9.853889	-99.993668	-99.992661
4.270000	15.019230	9.745275	-99.984070	-100.001625
4.280000	14.994902	9.636954	-99.974457	-100.019379
4.290000	14.968990	9.528987	-100.013489	-99.990768
4.300000	14.941497	9.421387	-99.983025	-100.003845
4.310000	14.912424	9.314175	-100.006744	-99.998367
4.320000	14.881846	9.207330	-100.015450	-99.995415
4.330000	14.849735	9.100894	-99.984627	-100.004860
4.340000	14.816067	8.994921	-99.986610	-100.003685
4.350000	14.780857	8.889413	-99.983345	-100.007767
4.360000	14.744086	8.784402	-100.000916	-100.002655
4.370000	14.705803	8.679869	-99.987167	-99.992805
4.380000	14.665987	8.575891	-99.988411	-100.003105
4.390000	14.624655	8.472503	-99.994469	-100.005417
4.400000	14.581825	8.369700	-99.986092	-99.998955
4.410000	14.537482	8.267507	-100.003242	-100.021042
4.420000	14.491648	8.165946	-100.001846	-100.002228
4.430000	14.444338	8.065047	-99.988808	-100.006172
4.440000	14.395578	7.964817	-99.986115	-99.992874
4.450000	14.345394	7.865253	-100.003326	-100.017815
4.460000	14.293760	7.766399	-100.013260	-100.005836
4.470000	14.240704	7.668273	-99.991417	-99.990486
4.480000	14.186231	7.570908	-99.984795	-99.975258
4.490000	14.130322	7.474341	-100.023674	-99.992767
4.500000	14.284812	7.345978	14.342072	7.441804
4.510000	14.226181	7.250943	-99.997536	-100.002480
4.520000	14.166159	7.156770	-99.988029	-99.995483
4.530000	14.104779	7.063445	-100.005264	-99.988136
4.540000	14.042029	6.971014	-100.003304	-100.006134
4.550000	13.977950	6.879465	-99.994904	-99.988869
4.560000	13.912531	6.788849	-99.981827	-99.992783
4.570000	13.845785	6.699183	-100.011192	-100.007423
4.580000	13.777706	6.610516	-99.980873	-99.997498
4.590000	13.708369	6.522807	-99.990601	-99.999535
4.600000	13.637744	6.436115	-100.001167	-100.001854
4.610000	13.565836	6.350467	-100.009766	-100.000206
4.620000	13.492665	6.265884	-99.996925	-99.972198
4.630000	13.418271	6.182359	-99.979134	-100.003067
4.640000	13.342666	6.099909	-100.000114	-100.015015
4.650000	13.265828	6.018589	-99.986298	-100.002449
4.660000	13.187810	5.938383	-100.003456	-99.999908
4.670000	13.108617	5.859319	-100.004227	-99.992493
4.680000	13.028316	5.781366	-100.001091	-99.988396
4.690000	12.946911	5.704555	-100.006371	-100.007637
4.700000	12.864359	5.628958	-100.016617	-99.996651
4.710000	12.780699	5.554575	-100.007118	-100.003761
4.720000	12.695966	5.481399	-100.004593	-99.990730
4.730000	12.610208	5.409421	-100.012787	-99.994728
4.740000	12.523396	5.338699	-100.009239	-100.008476
4.750000	12.435594	5.269203	-99.985886	-100.001678
4.760000	12.346761	5.201006	-99.966263	-100.007484
4.770000	12.256969	5.134067	-100.006027	-100.002068
4.780000	12.166210	5.068430	-99.996155	-100.011269
4.790000	12.074499	5.004112	-99.996689	-100.006805
4.800000	11.981884	4.941086	-99.994507	-100.009544
4.810000	11.888363	4.879401	-100.003761	-100.000580
4.820000	11.793991	4.819043	-100.012726	-99.993790
4.830000	11.698760	4.760037	-100.016808	-100.007286
4.840000	11.602690	4.702412	-99.996078	-100.010353
4.850000	11.505799	4.646166	-100.000031	-100.003693
4.860000	11.408094	4.591334	-100.022728	-100.009888
4.870000	11.309624	4.537902	-100.002640	-100.009277
4.880000	11.210370	4.485905	-99.986336	-100.000687
4.890000	11.110370	4.435374	-99.977257	-100.005974
4.900000	11.009638	4.386301	-99.998283	-100.000969
4.910000	10.908175	4.338717	-100.016357	-99.976578
4.920000	10.806063	4.292570	-100.013100	-100.012016
4.930000	10.703264	4.247952	-99.973160	-100.000389
4.940000	10.599818	4.204821	-100.002144	-100.000832
4.950000	10.495764	4.163183	-100.007889	-99.994759
4.960000	10.391119	4.123068	-100.009727	-100.006920
4.970000	10.285913	4.084474	-100.000641	-99.987061
4.980000	10.180173	4.047375	-99.997986	-100.003670
4.990000	10.073877	4.011807	-99.994637	-100.000565
5.000000	10.077108	3.886258	10.183923	3.920295
5.010000	9.969802	3.853752	-99.978394	-99.995956
5.020000	9.862026	3.822819	-100.013199	-99.994148
5.030000	9.753819	3.793421	-99.982269	-100.002823
5.040000	9.645196	3.765596	-100.016884	-100.007912
5.050000	9.536207	3.739340	-100.008354	-99.998650
5.060000	9.426847	3.714672	-99.989601	-99.978088
5.070000	9.317181	3.691566	-99.994743	-99.980270
5.080000	9.207168	3.670058	-99.984550	-99.992973
5.090000	9.096864	3.650131	-100.015823	-100.010132
5.100000	8.986282	3.631797	-100.000854	-100.005554
5.110000	8.875435	3.615050	-100.002640	-100.017860
5.120000	8.764368	3.599907	-99.985725	-99.987282
5.130000	8.653048	3.586384	-99.995102	-100.002930
5.140000	8.541569	3.574442	-99.983238	-99.994667
5.150000	8.429915	3.564094	-100.003960	-100.002266
5.160000	8.318121	3.555346	-100.005928	-100.002007
5.170000	8.206182	3.548184	-99.980560	-100.007393
5.180000	8.094153	3.542639	-99.995476	-99.991135
5.190000	7.982052	3.538687	-99.994362	-99.999992
5.200000	7.869894	3.536394	-99.991310	-100.004242
5.210000	7.757723	3.535708	-99.996849	-99.991127
5.220000	7.645538	3.536638	-100.012123	-99.999481
5.230000	7.533373	3.539157	-99.989052	-100.000366
5.240000	7.421247	3.543288	-100.002708	-100.015511
5.250000	7.309175	3.549036	-100.008286	-100.004051
5.260000	7.197198	3.556402	-99.993980	-100.007332
5.270000	7.085340	3.565386	-99.980736	-99.997833
5.280000	6.973666	3.576017	-99.986214	-100.014832
5.290000	6.862136	3.588243	-99.991196	-99.999367
5.300000	6.750797	3.602103	-99.994484	-99.999603
5.310000	6.639678	3.617585	-100.013557	-99.987000
5.320000	6.528798	3.634662	-100.011566	-99.980827
5.330000	6.418192	3.653339	-99.990761	-99.993446
5.340000	6.307836	3.673607	-100.000015	-99.993546
5.350000	6.197775	3.695472	-99.995796	-100.001999
5.360000	6.087982	3.718894	-100.004570	-100.006516
5.370000	5.978546	3.743900	-99.998215	-99.994255
5.380000	5.869494	3.770471	-99.999474	-99.992416
5.390000	5.760825	3.798612	-99.992805	-99.999550
5.400000	5.652562	3.828303	-99.991508	-99.999680
5.410000	5.544735	3.859563	-99.999710	-100.015701
5.420000	5.437341	3.892348	-100.019852	-100.000191
5.430000	5.330454	3.926700	-99.995865	-100.005653
5.440000	5.224077	3.962598	-99.996414	-99.995262
5.450000	5.118252	4.000029	-99.990593	-99.998535
5.460000	5.012982	4.038989	-99.985397	-99.966286
5.470000	4.908269	4.079451	-99.983665	-100.007790
5.480000	4.804178	4.121435	-99.986946	-100.015266
5.490000	4.700714	4.164911	-100.011192	-99.992668
5.500000	4.638535	4.094028	4.741356	4.049070
5.510000	4.536391	4.140457	-100.010277	-99.996552
5.520000	4.434942	4.188368	-100.002586	-99.989555
5.530000	4.334196	4.237721	-99.998703	-99.994087
5.540000	4.234182	4.288527	-100.004715	-100.011734
5.550000	4.134920	4.340784	-100.001457	-100.005486
5.560000	4.036417	4.394442	-99.987251	-100.004349
5.570000	3.938706	4.449511	-99.998207	-100.000832
5.580000	3.841825	4.505999	-100.019852	-100.006325
5.590000	3.745766	4.563884	-100.012970	-99.998474
5.600000	3.650577	4.623154	-99.995964	-100.017525
5.610000	3.556257	4.683784	-99.997513	-99.998505
5.620000	3.462872	4.745806	-100.000267	-100.009628
5.630000	3.370423	4.809198	-99.997612	-100.013504
5.640000	3.278905	4.873925	-99.981934	-99.986916
5.650000	3.188369	4.939993	-100.000542	-99.995079
5.660000	3.098809	5.007364	-100.001236	-100.002083
5.670000	3.010235	5.076023	-100.001266	-100.000031
5.680000	2.922646	5.145927	-100.010590	-99.982903
5.690000	2.836071	5.217080	-99.999954	-99.988113
5.700000	2.750543	5.289488	-99.994484	-100.002380
5.710000	2.666071	5.363122	-100.002914	-99.999153
5.720000	2.582685	5.437983	-99.999229	-100.011871
5.730000	2.500381	5.514035	-100.012878	-99.999519
5.740000	2.419168	5.591249	-99.983879	-100.010788
5.750000	2.339121	5.669664	-99.997757	-100.002975
5.760000	2.260226	5.749236	-100.005585	-99.991753
5.770000	2.182502	5.829947	-100.010391	-100.010246
5.780000	2.105972	5.911787	-100.002464	-100.001266
5.790000	2.030620	5.994707	-99.975792	-100.000290
5.800000	1.956446	6.078677	-99.988541	-100.000305
5.810000	1.883497	6.163706	-99.995087	-100.009651
5.820000	1.811787	6.249785	-100.004570	-100.005287
5.830000	1.741328	6.336887	-99.989578	-99.999573
5.840000	1.672110	6.424968	-100.005997	-100.002342
5.850000	1.604147	6.514005	-100.005020	-100.007660
5.860000	1.537501	6.604027	-100.010529	-100.007599
5.870000	1.472167	6.695010	-99.994576	-100.006393
5.880000	1.408149	6.786938	-100.011711	-100.012497
5.890000	1.345466	6.879780	-100.006287	-99.984032
5.900000	1.284103	6.973505	-100.009605	-100.007172
5.910000	1.224114	7.068106	-99.992653	-99.991211
5.920000	1.165510	7.163573	-100.010498	-100.005112
5.930000	1.108299	7.259861	-99.987236	-99.993164
5.940000	1.052499	7.356981	-99.994080	-100.002281
5.950000	0.998109	7.454905	-100.002075	-100.026184
5.960000	0.945150	7.553622	-100.006248	-99.988022
5.970000	0.893605	7.653073	-100.002594	-99.988091
5.980000	0.843473	7.753244	-100.001984	-99.998001
5.990000	0.794814	7.854136	-100.015465	-99.992020
6.000000	0.723913	7.871822	0.771132	7.770273
6.010000	0.678147	7.974016	-99.999901	-100.002029
6.020000	0.633848	8.076840	-100.004417	-100.004112
6.030000	0.591051	8.180285	-100.000954	-100.005135
6.040000	0.549754	8.284329	-100.011230	-100.019104
6.050000	0.509928	8.388916	-99.999603	-99.987350
6.060000	0.471624	8.494078	-99.995476	-100.016861
6.070000	0.434846	8.599781	-100.018394	-100.004021
6.080000	0.399607	8.705982	-100.014771	-100.005905
6.090000	0.365889	8.812654	-99.994186	-100.003853
6.100000	0.333711	8.919809	-100.011017	-100.025673
6.110000	0.303073	9.027400	-100.006775	-99.998245
6.120000	0.273988	9.135378	-99.997925	-100.004639
6.130000	0.246486	9.243760	-100.005898	-99.991348
6.140000	0.220547	9.352506	-99.992126	-99.977707
6.150000	0.196165	9.461593	-99.988983	-99.992317
6.160000	0.173378	9.571015	-100.010368	-100.002090
6.170000	0.152217	9.680752	-100.005005	-100.004494
6.180000	0.132671	9.790816	-99.991577	-100.011826
6.190000	0.114712	9.901142	-100.005707	-99.985611
6.200000	0.098334	10.011669	-99.999870	-99.992538
6.210000	0.083581	10.122396	-99.998672	-99.981812
6.220000	0.070427	10.233289	-100.004150	-99.999496
6.230000	0.058888	10.344361	-99.997391	-99.993103
6.240000	0.048988	10.455585	-99.992775	-99.995064
6.250000	0.040706	10.566944	-99.996124	-99.986450
6.260000	0.034030	10.678384	-99.992462	-100.012230
6.270000	0.028955	10.789903	-99.994881	-99.985458
6.280000	0.025519	10.901491	-99.992180	-99.994606
6.290000	0.023685	11.013123	-99.991753	-99.997726
6.300000	0.023477	11.124740	-100.007721	-99.997894
6.310000	0.024901	11.236345	-99.989212	-99.989487
6.320000	0.027922	11.347954	-99.992958	-100.007828
6.330000	0.032545	11.459450	-99.990349	-100.009407
6.340000	0.038800	11.570884	-99.990440	-99.997406
6.350000	0.046647	11.682256	-100.007095	-99.994339
6.360000	0.056074	11.793479	-99.987717	-100.003685
6.370000	0.067096	11.904515	-100.002548	-99.999084
6.380000	0.079773	12.015347	-100.011734	-100.005936
6.390000	0.094048	12.125959	-100.000916	-99.993385
6.400000	0.109907	12.236344	-100.018631	-99.993454
6.410000	0.127346	12.346480	-100.002541	-99.989937
6.420000	0.146351	12.456340	-100.016022	-99.992317
6.430000	0.166931	12.565904	-99.994530	-100.002373
6.440000	0.189104	12.675117	-99.987709	-99.999878
6.450000	0.212849	12.783994	-100.006210	-99.991676
6.460000	0.238134	12.892537	-99.987114	-100.010704
6.470000	0.265036	13.000669	-99.998039	-100.000847
6.480000	0.293506	13.108386	-100.019295	-100.005333
6.490000	0.323559	13.215642	-100.000168	-99.997482
6.500000	0.306642	13.298020	0.275033	13.191224
6.510000	0.339788	13.404305	-99.989151	-100.015610
6.520000	0.374497	13.510077	-100.008766	-99.994720
6.530000	0.410748	13.615294	-100.003548	-99.991219
6.540000	0.448525	13.719962	-100.003654	-100.011589
6.550000	0.487818	13.824073	-100.014023	-99.994041
6.560000	0.528618	13.927624	-100.000526	-99.997208
6.570000	0.570942	14.030549	-100.018089	-100.001373
6.580000	0.614776	14.132831	-100.001564	-99.994049
6.590000	0.660078	14.234464	-99.987976	-99.993629
6.600000	0.706838	14.335407	-100.005180	-99.989044
6.610000	0.755063	14.435653	-100.013275	-99.993118
6.620000	0.804754	14.535154	-100.000443	-99.984924
6.630000	0.855876	14.633943	-99.998444	-100.011955
6.640000	0.908496	14.731921	-99.998672	-100.007988
6.650000	0.962534	14.829125	-100.009377	-99.997704
6.660000	1.017999	14.925498	-100.002739	-100.001930
6.670000	1.074890	15.021007	-99.989624	-99.986710
6.680000	1.133166	15.115672	-99.995361	-99.990807
6.690000	1.192839	15.209454	-100.003036	-99.983063
6.700000	1.253876	15.302338	-99.994339	-99.996666
6.710000	1.316280	15.394298	-100.020126	-99.986824
6.720000	1.380022	15.485330	-99.989555	-99.993011
6.730000	1.445072	15.575428	-99.993713	-99.995903
6.740000	1.511439	15.664547	-99.998802	-100.001556
6.750000	1.579116	15.752660	-99.999107	-100.008949
6.760000	1.648056	15.839793	-99.983795	-100.002243
6.770000	1.718226	15.925942	-99.985229	-100.004829
6.780000	1.789676	16.011024	-100.003006	-99.987259
6.790000	1.862344	16.095070	-100.001884	-100.000237
6.800000	1.936209	16.178066	-100.005234	-100.011284
6.810000	2.011312	16.259943	-99.976738	-99.985405
6.820000	2.087596	16.340723	-99.993469	-100.001930
6.830000	2.165053	16.420378	-100.004646	-99.999626
6.840000	2.243688	16.498869	-100.003181	-99.995415
6.850000	2.323442	16.576225	-100.013741	-100.004356
6.860000	2.404315	16.652409	-99.996590	-99.991554
6.870000	2.486269	16.727428	-100.007790	-99.994675
6.880000	2.569312	16.801243	-100.006020	-100.009094
6.890000	2.653399	16.873857	-99.991386	-99.986694
6.900000	2.738524	16.945240	-99.988358	-99.990967
6.910000	2.824658	17.015396	-99.995575	-100.001259
6.920000	2.911795	17.084301	-99.991928	-99.983955
6.930000	2.999913	17.151930	-100.011490	-99.997604
6.940000	3.089020	17.218241	-99.998665	-100.015976
6.950000	3.179100	17.283230	-99.988647	-99.993744
6.960000	3.270117	17.346899	-99.991882	-99.996536
6.970000	3.362055	17.409218	-99.992928	-99.995789
6.980000	3.454905	17.470171	-100.004204	-99.988373
6.990000	3.548644	17.529737	-99.997078	-99.989937
7.000000	3.622697	17.616261	3.528106	17.558069
7.010000	3.718155	17.673044	-100.003075	-99.986366
7.020000	3.814425	17.728428	-99.991364	-99.995811
7.030000	3.911482	17.782404	-99.988640	-99.994156
7.040000	4.009312	17.834963	-99.982315	-99.997559
7.050000	4.107894	17.886063	-99.990021	-99.996666
7.060000	4.207207	17.935717	-100.018051	-100.017838
7.070000	4.307231	17.983900	-99.989830	-100.009163
7.080000	4.407960	18.030619	-100.010986	-99.996086
7.090000	4.509322	18.075895	-99.990654	-100.010315
7.100000	4.611322	18.119715	-99.992683	-100.001419
7.110000	4.713937	18.162046	-100.008606	-99.997978
7.120000	4.817152	18.202894	-99.994736	-100.007141
7.130000	4.920951	18.242216	-100.010063	-100.013176
7.140000	5.025301	18.280018	-99.978340	-100.004990
7.150000	5.130198	18.316286	-99.989861	-100.008636
7.160000	5.235619	18.351027	-99.999275	-100.003868
7.170000	5.341529	18.384230	-100.009529	-100.011955
7.180000	5.447875	18.415911	-99.994324	-100.009834
7.190000	5.554664	18.446058	-99.992462	-100.000389
7.200000	5.661859	18.474628	-99.994774	-100.004784
7.210000	5.769480	18.501621	-99.989113	-100.015991
7.220000	5.877458	18.527048	-100.002205	-99.980370
7.230000	5.985795	18.550884	-99.985100	-100.001343
7.240000	6.094421	18.573133	-100.009743	-100.014915
7.250000	6.203360	18.593842	-99.999321	-100.002266
7.260000	6.312601	18.612926	-99.997589	-100.018005
7.270000	6.422097	18.630398	-99.996895	-100.032242
7.280000	6.531849	18.646257	-99.993446	-100.007027
7.290000	6.641820	18.660501	-99.998230	-100.008850
7.300000	6.751981	18.673140	-99.999702	-100.007637
7.310000	6.862294	18.684175	-99.997284	-100.006775
7.320000	6.972764	18.693542	-100.000473	-100.023460
7.330000	7.083363	18.701296	-100.009987	-100.001350
7.340000	7.194081	18.707428	-100.006821	-99.998695
7.350000	7.304878	18.711943	-99.970543	-100.004143
7.360000	7.415724	18.714779	-99.998085	-100.001106
7.370000	7.526577	18.715994	-99.992577	-100.004639
7.380000	7.637427	18.715569	-100.005760	-99.993355
7.390000	7.748269	18.713499	-100.005890	-100.000656
7.400000	7.859077	18.709803	-99.997864	-99.992889
7.410000	7.969833	18.704481	-100.013153	-100.005402
7.420000	8.080509	18.697573	-100.011681	-100.015160
7.430000	8.191113	18.689074	-100.020256	-100.011475
7.440000	8.301572	18.678938	-100.005066	-99.979553
7.450000	8.411860	18.667160	-100.012238	-99.984459
7.460000	8.521976	18.653782	-99.993484	-99.975883
7.470000	8.631893	18.638788	-99.993942	-100.004303
7.480000	8.741604	18.622166	-100.002029	-100.008858
7.490000	8.851014	18.603947	-99.995781	-100.010521
7.500000	8.963164	18.625168	8.853997	18.644972
7.510000	9.072014	18.603769	-100.008606	-99.988358
7.520000	9.180521	18.580788	-99.987137	-99.994110
7.530000	9.288679	18.556223	-100.006012	-99.996262
7.540000	9.396469	18.530107	-100.000328	-100.004906
7.550000	9.503892	18.502424	-99.998100	-100.000984
7.560000	9.610900	18.473171	-100.005943	-99.997375
7.570000	9.717490	18.442375	-99.996017	-99.997086
7.580000	9.823583	18.409979	-99.988129	-99.998047
7.590000	9.929180	18.376022	-99.998497	-100.002701
7.600000	10.034286	18.340517	-99.992630	-100.009277
7.610000	10.138917	18.303518	-100.012085	-100.013481
7.620000	10.243025	18.265017	-100.006775	-100.003807
7.630000	10.346538	18.224977	-99.988037	-99.987480
7.640000	10.449458	18.183441	-99.997314	-99.998260
7.650000	10.551767	18.140413	-99.995270	-99.977577
7.660000	10.653412	18.095875	-100.014984	-100.001709
7.670000	10.754394	18.049858	-100.005196	-99.999687
7.680000	10.854664	18.002357	-99.999176	-100.012909
7.690000	10.954212	17.953423	-99.988388	-99.991760
7.700000	11.053007	17.903013	-100.003242	-100.017952
7.710000	11.151027	17.851164	-100.000397	-99.999573
7.720000	11.248279	17.797903	-99.992714	-100.005821
7.730000	11.344745	17.743225	-99.990181	-99.988441
7.740000	11.440372	17.687126	-100.000320	-100.012863
7.750000	11.535192	17.629652	-100.003456	-100.006073
7.760000	11.629152	17.570793	-99.999863	-99.994179
7.770000	11.722201	17.510530	-100.002815	-100.016388
7.780000	11.814351	17.448893	-100.020721	-100.009834
7.790000	11.905560	17.385906	-100.004288	-100.004166
7.800000	11.995878	17.321630	-99.991623	-99.993912
7.810000	12.085245	17.256033	-100.010460	-100.000458
7.820000	12.173654	17.189140	-99.983963	-100.001419
7.830000	12.261056	17.120949	-99.998474	-99.997429
7.840000	12.347458	17.051502	-99.998253	-99.994354
7.850000	12.432843	16.980812	-99.983719	-99.982315
7.860000	12.517148	16.908854	-100.002609	-99.988129
7.870000	12.600411	16.835690	-99.998436	-99.999725
7.880000	12.682600	16.761330	-100.019829	-99.997040
7.890000	12.763727	16.685820	-100.021873	-99.987656
7.900000	12.843692	16.609089	-99.996498	-100.005371
7.910000	12.922532	16.531208	-99.993332	-99.989632
7.920000	13.000251	16.452215	-99.985603	-100.005936
7.930000	13.076780	16.372074	-100.018883	-100.005577
7.940000	13.152123	16.290827	-99.998512	-99.987854
7.950000	13.226269	16.208488	-100.024117	-100.009697
7.960000	13.299177	16.125053	-100.002251	-100.002068
7.970000	13.370850	16.040554	-99.992302	-100.006134
7.980000	13.441316	15.955048	-99.995293	-100.010803
7.990000	13.510531	15.868527	-99.998451	-99.996651
8.000000	13.620478	15.807595	13.552537	15.895114
8.010000	13.687138	15.719106	-100.012764	-99.991943
8.020000	13.752455	15.629621	-99.996346	-100.003212
8.030000	13.816476	15.539210	-99.988213	-99.991638
8.040000	13.879131	15.447859	-99.996536	-99.996544
8.050000	13.940466	15.355615	-99.990913	-99.993851
8.060000	14.000457	15.262493	-99.996002	-99.995842
8.070000	14.059083	15.168500	-99.994614	-99.989517
8.080000	14.116328	15.073667	-99.983788	-100.002220
8.090000	14.172184	14.978005	-100.015457	-99.986755
8.100000	14.226633	14.881536	-100.004074	-99.999992
8.110000	14.279675	14.784294	-99.994240	-100.004936
8.120000	14.331274	14.686281	-100.004013	-100.015022
8.130000	14.381414	14.587510	-100.013191	-100.009834
8.140000	14.430086	14.487980	-100.009308	-99.987854
8.150000	14.477310	14.387755	-99.999229	-100.005623
8.160000	14.523073	14.286869	-99.990166	-100.006622
8.170000	14.567380	14.185350	-99.990242	-99.997414
8.180000	14.610229	14.083222	-99.997398	-100.000229
8.190000	14.651592	13.980477	-100.013359	-100.004372
8.200000	14.691476	13.877148	-99.994423	-99.997467
8.210000	14.729816	13.773227	-99.998154	-100.016174
8.220000	14.766631	13.668736	-100.007790	-100.008446
8.230000	14.801914	13.563698	-99.994980	-100.008774
8.240000	14.835664	13.458139	-99.976540	-99.999023
8.250000	14.867897	13.352078	-99.999458	-100.019577
8.260000	14.898569	13.245557	-99.994469	-99.985100
8.270000	14.927726	13.138630	-99.979172	-99.992020
8.280000	14.955313	13.031288	-99.992439	-99.991486
8.290000	14.981339	12.923565	-100.001511	-100.013405
8.300000	15.005793	12.815462	-100.006561	-99.989853
8.310000	15.028649	12.707006	-100.016098	-100.005096
8.320000	15.049931	12.598266	-99.996132	-100.002724
8.330000	15.069629	12.489227	-99.991501	-100.005066
8.340000	15.087718	12.379930	-99.996323	-100.017036
8.350000	15.104177	12.270388	-99.997559	-99.998375
8.360000	15.119041	12.160591	-99.985153	-100.000580
8.370000	15.132315	12.050624	-99.995491	-100.000221
8.380000	15.144026	11.940492	-100.002594	-100.000938
8.390000	15.154137	11.830196	-100.009926	-99.993942
8.400000	15.162636	11.719805	-100.001961	-100.007835
8.410000	15.169538	11.609366	-99.986153	-99.978806
8.420000	15.174848	11.498828	-100.003494	-100.006691
8.430000	15.178520	11.388227	-99.996841	-100.000290
8.440000	15.180551	11.277585	-99.996063	-100.008209
8.450000	15.180948	11.166934	-100.008224	-100.000977
8.460000	15.179711	11.056306	-100.000526	-99.999771
8.470000	15.176843	10.945704	-99.993011	-99.988579
8.480000	15.172353	10.835156	-99.980362	-99.991371
8.490000	15.166245	10.724698	-100.008392	-99.999054
8.500000	15.225187	10.636577	15.232909	10.746922
8.510000	15.215869	10.526366	-99.988632	-99.988441
8.520000	15.204882	10.416293	-99.991653	-100.015862
8.530000	15.192281	10.306355	-100.006561	-99.998291
8.540000	15.178042	10.196561	-100.011948	-100.018074
8.550000	15.162210	10.086988	-99.993385	-99.988464
8.560000	15.144753	9.977675	-99.997116	-100.002701
8.570000	15.125705	9.868606	-100.024750	-100.009888
8.580000	15.105076	9.759814	-100.003502	-100.000450
8.590000	15.082824	9.651336	-99.997688	-100.002121
8.600000	15.058987	9.543166	-99.990845	-99.993568
8.610000	15.033554	9.435350	-99.988464	-100.001709
8.620000	15.006550	9.327904	-99.988503	-100.011253
8.630000	14.977976	9.220840	-100.015793	-100.009308
8.640000	14.947822	9.114217	-99.997208	-99.989677
8.650000	14.916141	9.008008	-99.994881	-99.990379
8.660000	14.882921	8.902255	-99.987694	-100.010902
8.670000	14.848167	8.796988	-100.031311	-100.002167
8.680000	14.811898	8.692205	-99.989281	-100.004951
8.690000	14.774098	8.587951	-100.005814	-99.991631
8.700000	14.734772	8.484248	-99.989304	-99.993301
8.710000	14.693951	8.381104	-99.991531	-100.002403
8.720000	14.651622	8.278554	-100.013908	-99.992630
8.730000	14.607773	8.176666	-99.989403	-100.011314
8.740000	14.562468	8.075422	-100.006432	-100.005371
8.750000	14.515712	7.974815	-100.004997	-100.010147
8.760000	14.467476	7.874905	-99.985405	-99.993950
8.770000	14.417785	7.775713	-99.999275	-100.002831
8.780000	14.366665	7.677255	-99.988251	-100.003014
8.790000	14.314097	7.579550	-99.983414	-99.977524
8.800000	14.260106	7.482631	-100.008392	-100.003418
8.810000	14.204710	7.386499	-99.996696	-100.017273
8.820000	14.147873	7.291213	-100.001816	-99.990654
8.830000	14.089616	7.196779	-100.004982	-99.990578
8.840000	14.029941	7.103210	-100.021088	-100.005508
8.850000	13.968927	7.010474	-99.999382	-100.005989
8.860000	13.906523	6.918673	-99.996712	-100.002998
8.870000	13.842777	6.827769	-100.003532	-99.997139
8.880000	13.777694	6.737801	-100.008926	-99.998268
8.890000	13.711303	6.648771	-100.005203	-100.017494
8.900000	13.643632	6.560686	-99.981537	-99.987045
8.910000	13.574699	6.473556	-99.991066	-100.002892
8.920000	13.504475	6.387447	-99.985413	-99.995033
8.930000	13.432970	6.302380	-100.000206	-100.001472
8.940000	13.360220	6.218355	-100.000526	-100.000473
8.950000	13.286208	6.135421	-100.001915	-99.995049
8.960000	13.210993	6.053557	-100.014107	-99.999397
8.970000	13.134598	5.972771	-99.987617	-100.006348
8.980000	13.057022	5.893100	-99.980293	-100.008202
8.990000	12.978289	5.814550	-99.999924	-99.997581
9.000000	12.981720	5.693490	13.061620	5.770878
9.010000	12.900681	5.617271	-100.009071	-100.010590
9.020000	12.818516	5.542240	-99.989929	-99.998291
9.030000	12.735266	5.468390	-100.013672	-99.997513
9.040000	12.650932	5.395751	-100.000496	-99.998390
9.050000	12.565544	5.324327	-100.008675	-100.004700
9.060000	12.479098	5.254153	-100.007454	-100.015915
9.070000	12.391640	5.185219	-99.985283	-99.988228
9.080000	12.303196	5.117526	-100.009300	-99.986328
9.090000	12.213759	5.051113	-100.003319	-99.984161
9.100000	12.123364	4.985978	-99.991684	-99.991486
9.110000	12.032038	4.922135	-100.006126	-99.994255
9.120000	11.939794	4.859598	-100.011276	-100.018654
9.130000	11.846624	4.798399	-100.008179	-99.993210
9.140000	11.752562	4.738546	-100.001038	-99.997894
9.150000	11.657610	4.680066	-100.014366	-99.998779
9.160000	11.561814	4.622953	-99.982742	-99.997627
9.170000	11.465182	4.567227	-100.009422	-99.998741
9.180000	11.367737	4.512900	-100.005417	-99.997383
9.190000	11.269516	4.459966	-99.991890	-99.995872
9.200000	11.170531	4.408442	-100.017159	-99.998123
9.210000	11.070769	4.358367	-100.010155	-99.980339
9.220000	10.970264	4.309744	-99.992683	-100.005470
9.230000	10.869064	4.262547	-100.008522	-100.016495
9.240000	10.767150	4.216859	-99.995331	-100.007050
9.250000	10.664557	4.172656	-99.991577	-99.985870
9.260000	10.561304	4.129930	-99.993767	-100.013771
9.270000	10.457408	4.088706	-99.986786	-100.010246
9.280000	10.352909	4.048970	-99.994133	-100.006439
9.290000	10.247831	4.010728	-100.007378	-99.996529
9.300000	10.142203	3.974004	-99.998856	-100.007416
9.310000	10.036028	3.938788	-99.989960	-99.997726
9.320000	9.929310	3.905123	-99.982681	-100.003143
9.330000	9.822120	3.873002	-99.986168	-100.012817
9.340000	9.714459	3.842447	-99.991425	-99.996384
9.350000	9.606361	3.813470	-99.979668	-99.992805
9.360000	9.497823	3.786091	-100.009682	-99.980301
9.370000	9.388886	3.760300	-100.003906	-100.018318
9.380000	9.279568	3.736077	-99.988853	-99.998840
9.390000	9.169874	3.713428	-100.008453	-99.988579
9.400000	9.059834	3.692396	-100.013756	-100.010376
9.410000	8.949507	3.672930	-100.011314	-100.008629
9.420000	8.838930	3.655037	-99.969582	-99.994179
9.430000	8.728080	3.638738	-100.010727	-99.989281
9.440000	8.617000	3.624036	-100.011436	-100.013756
9.450000	8.505729	3.610962	-100.009506	-99.994911
9.460000	8.394245	3.599487	-99.995934	-99.989449
9.470000	8.282568	3.589624	-100.007935	-100.011566
9.480000	8.170742	3.581417	-100.014137	-99.988365
9.490000	8.058798	3.574844	-100.011955	-100.003601
9.500000	8.016306	3.479715	8.128314	3.484692
9.510000	7.904213	3.476351	-99.989731	-99.996811
9.520000	7.792100	3.474640	-100.014091	-100.011894
9.530000	7.679975	3.474482	-99.986046	-99.998825
9.540000	7.567864	3.475923	-99.993492	-100.024033
9.550000	7.455799	3.478951	-99.974518	-99.999969
9.560000	7.343767	3.483589	-100.000137	-99.998146
9.570000	7.231812	3.489845	-100.011734	-99.987114
9.580000	7.119950	3.497707	-99.982056	-100.002571
9.590000	7.008210	3.507166	-100.005051	-100.005653
9.600000	6.896613	3.518264	-99.979286	-99.998985
9.610000	6.785165	3.530987	-99.991394	-100.005699
9.620000	6.673917	3.545320	-99.989983	-99.996895
9.630000	6.562885	3.561272	-100.012062	-99.987862
9.640000	6.452126	3.578811	-100.010445	-99.975906
9.650000	6.341612	3.597920	-100.004227	-99.993736
9.660000	6.231400	3.618586	-100.007362	-99.998352
9.670000	6.121477	3.640809	-100.007141	-99.982147
9.680000	6.011874	3.664626	-99.999207	-100.003540
9.690000	5.902630	3.690026	-99.989891	-100.010002
9.700000	5.793760	3.716986	-99.984253	-99.990303
9.710000	5.685291	3.745518	-99.996056	-99.984352
9.720000	5.577221	3.775626	-99.983276	-99.998947
9.730000	5.469601	3.807300	-100.009804	-99.985718
9.740000	5.362450	3.840536	-99.999931	-99.994843
9.750000	5.255804	3.875296	-100.007889	-100.008049
9.760000	5.149669	3.911589	-99.996262	-99.982513
9.770000	5.044066	3.949434	-99.989555	-99.998085
9.780000	4.939027	3.988790	-100.020859	-100.005966
9.790000	4.834519	4.029627	-99.999954	-99.987282
9.800000	4.730623	4.071972	-99.985771	-100.013840
9.810000	4.627351	4.115822	-100.006744	-99.989128
9.820000	4.524722	4.161155	-99.991005	-99.986092
9.830000	4.422750	4.207954	-99.991531	-99.992546
9.840000	4.321448	4.256207	-100.012894	-99.989670
9.850000	4.220886	4.305937	-100.014122	-100.012985
9.860000	4.121061	4.357115	-99.992607	-100.006912
9.870000	4.021979	4.409709	-99.988663	-99.998192
9.880000	3.923631	4.463696	-99.989700	-100.005096
9.890000	3.826082	4.519105	-100.007309	-99.996849
9.900000	3.729386	4.575945	-99.988274	-99.988228
9.910000	3.633536	4.634189	-100.006706	-99.993546
9.920000	3.538569	4.693835	-99.996002	-100.008202
9.930000	3.444470	4.754834	-100.005516	-100.002663
9.940000	3.351285	4.817190	-99.994919	-99.988197
9.950000	3.258990	4.880857	-100.013840	-100.007050
9.960000	3.167616	4.945824	-99.966515	-100.008858
9.970000	3.077203	5.012116	-99.985611	-100.001625
9.980000	2.987753	5.079690	-99.997337	-100.002914
9.990000	2.899292	5.148540	-100.010056	-99.989075
10.000000	2.851711	5.169502	2.939170	5.099401
10.010000	2.765307	5.240876	-100.020950	-100.012444
10.020000	2.679950	5.313488	-99.999062	-99.993622
10.030000	2.595641	5.387302	-100.003059	-100.012962
10.040000	2.512391	5.462294	-99.986832	-100.006416
10.050000	2.430251	5.538483	-99.999741	-99.996468
10.060000	2.349246	5.615860	-99.996376	-99.991745
10.070000	2.269408	5.694424	-100.018105	-100.003235
10.080000	2.190709	5.774112	-99.990036	-100.008339
10.090000	2.113167	5.854906	-99.989120	-100.003067
10.100000	2.036841	5.936833	-100.018501	-100.014236
10.110000	1.961718	6.019847	-100.011292	-99.975937
10.120000	1.887847	6.103961	-100.012558	-100.007660
10.130000	1.815225	6.189141	-99.992485	-100.008087
10.140000	1.743848	6.275352	-100.015984	-99.994919
10.150000	1.673735	6.362580	-100.014221	-100.008583
10.160000	1.604891	6.450804	-100.007523	-99.981812
10.170000	1.537336	6.540011	-99.991501	-100.018013
10.180000	1.471062	6.630156	-99.990852	-100.000702
10.190000	1.406104	6.721247	-99.994202	-100.000069
10.200000	1.342452	6.813243	-100.005440	-100.018036
10.210000	1.280163	6.906163	-100.000229	-100.033524
10.220000	1.219197	6.999938	-100.003258	-100.007088
10.230000	1.159604	7.094579	-99.994545	-99.994041
10.240000	1.101412	7.190081	-99.992287	-99.998672
10.250000	1.044632	7.286430	-100.002502	-100.009163
10.260000	0.989256	7.383569	-100.007568	-100.010117
10.270000	0.935287	7.481480	-99.996315	-99.998138
10.280000	0.882744	7.580162	-99.986206	-99.994942
10.290000	0.831626	7.679581	-99.988640	-99.991905
10.300000	0.781940	7.779712	-99.988235	-99.996559
10.310000	0.733744	7.880564	-100.002373	-100.014206
10.320000	0.687050	7.982119	-100.000580	-100.001228
10.330000	0.641831	8.084325	-99.994766	-99.997192
10.340000	0.598098	8.187161	-99.992981	-99.995735
10.350000	0.555854	8.290595	-99.997559	-99.993942
10.360000	0.515118	8.394645	-99.993774	-99.985687
10.370000	0.475909	8.499294	-100.014084	-99.979980
10.380000	0.438232	8.604516	-99.996307	-100.005890
10.390000	0.402100	8.710270	-100.013924	-100.031059
10.400000	0.367509	8.816545	-100.008965	-100.016563
10.410000	0.334454	8.923298	-100.014992	-99.982971
10.420000	0.302964	9.030529	-99.988937	-100.021561
10.430000	0.273019	9.138194	-100.004578	-100.004768
10.440000	0.244638	9.246244	-100.003242	-100.004044
10.450000	0.217832	9.354710	-99.991631	-100.001007
10.460000	0.192592	9.463527	-99.993202	-99.990143
10.470000	0.168921	9.572692	-100.007828	-100.000481
10.480000	0.146850	9.682160	-99.990799	-99.999535
10.490000	0.126333	9.791891	-100.003708	-99.981575
10.500000	0.101305	9.844971	0.120201	9.734953
10.510000	0.084000	9.955228	-99.993172	-99.993217
10.520000	0.068314	10.065713	-99.994850	-100.021858
10.530000	0.054246	10.176394	-99.997040	-99.985764
10.540000	0.041794	10.287240	-99.982025	-99.998085
10.550000	0.030958	10.398277	-99.986511	-100.002335
10.560000	0.021736	10.509478	-99.992729	-100.004433
10.570000	0.014138	10.620781	-99.990921	-100.002586
10.580000	0.008158	10.732176	-100.021194	-100.011116
10.590000	0.003815	10.843603	-99.997055	-99.994606
10.600000	0.001087	10.955049	-100.000061	-99.984947
10.610000	-0.000006	11.066514	-100.010513	-99.995499
10.620000	0.000540	11.177984	-99.999580	-99.995659
10.630000	-0.000523	11.289442	-99.999634	-100.032478
10.640000	-0.003184	11.400883	-99.999001	-99.985321
10.650000	-0.007444	11.512291	-99.987236	-99.970245
10.660000	-0.013289	11.623617	-100.006645	-100.006645
10.670000	-0.020755	11.734826	-99.998772	-99.991653
10.680000	-0.029848	11.845887	-100.012383	-99.980721
10.690000	-0.040560	11.956793	-100.003456	-99.993401
10.700000	-0.052869	12.067507	-100.001144	-100.008629
10.710000	-0.066765	12.178041	-100.013107	-100.001549
10.720000	-0.082267	12.288363	-100.010017	-100.000374
10.730000	-0.099373	12.398464	-99.997765	-99.992714
10.740000	-0.118049	12.508282	-99.996803	-99.988899
10.750000	-0.138337	12.617850	-99.998695	-99.989357
10.760000	-0.160210	12.727093	-99.981049	-99.996918
10.770000	-0.183663	12.835989	-100.017586	-99.993073
10.780000	-0.208678	12.944529	-99.994202	-100.009819
10.790000	-0.235241	13.052671	-100.006836	-99.986786
10.800000	-0.263374	13.160399	-99.997566	-99.991035
10.810000	-0.293076	13.267720	-100.006554	-99.998154
10.820000	-0.324332	13.374584	-100.009293	-99.995018
10.830000	-0.357119	13.480970	-99.993828	-100.007614
10.840000	-0.391453	13.586856	-99.989685	-100.000008
10.850000	-0.427309	13.692216	-99.982964	-100.008575
10.860000	-0.464700	13.797034	-100.032860	-99.992195
10.870000	-0.503576	13.901301	-100.008461	-99.995041
10.880000	-0.543938	14.005001	-100.001396	-99.995689
10.890000	-0.585793	14.108094	-99.987427	-100.021729
10.900000	-0.629114	14.210580	-99.996307	-100.004234
10.910000	-0.673878	14.312437	-99.993561	-99.996239
10.920000	-0.720102	14.413646	-99.988289	-100.003685
10.930000	-0.767796	14.514156	-99.998299	-99.993309
10.940000	-0.816922	14.614002	-100.001122	-100.002960
10.950000	-0.867505	14.713096	-99.991982	-100.000992
10.960000	-0.919507	14.811414	-99.973801	-99.993530
10.970000	-0.972958	14.908931	-99.991882	-99.993034
10.980000	-1.027834	15.005636	-99.997070	-99.999214
10.990000	-1.084113	15.101506	-100.001366	-99.997414
11.000000	-1.166048	15.197170	-1.108403	15.102113
11.010000	-1.225093	15.291331	-99.992371	-100.003075
11.020000	-1.285458	15.384651	-100.005272	-99.995972
11.030000	-1.347183	15.477035	-100.006615	-100.002136
11.040000	-1.410224	15.568518	-99.983055	-99.994659
11.050000	-1.474574	15.659077	-100.009560	-99.986908
11.060000	-1.540237	15.748681	-99.996040	-99.996521
11.070000	-1.607176	15.837327	-99.991875	-100.010735
11.080000	-1.675403	15.924973	-100.003166	-99.984810
11.090000	-1.744905	16.011593	-99.995262	-99.994270
11.100000	-1.815663	16.097176	-100.000252	-100.003761
11.110000	-1.887658	16.181705	-100.007393	-99.995865
11.120000	-1.960833	16.265209	-99.986275	-99.989944
11.130000	-2.035225	16.347609	-100.001625	-100.011497
11.140000	-2.110816	16.428890	-99.983948	-100.009834
11.150000	-2.187571	16.509054	-100.000320	-99.998032
11.160000	-2.265514	16.588043	-99.981079	-99.993500
11.170000	-2.344577	16.665888	-100.007126	-100.006416
11.180000	-2.424722	16.742592	-99.989395	-99.990974
11.190000	-2.505954	16.818119	-100.030159	-99.991348
11.200000	-2.588279	16.892427	-99.987617	-99.995110
11.210000	-2.671685	16.965494	-99.988503	-99.996017
11.220000	-2.756126	17.037331	-100.023270	-99.990524
11.230000	-2.841589	17.107924	-100.002625	-99.993858
11.240000	-2.928043	17.177263	-99.999512	-100.001923
11.250000	-3.015493	17.245317	-99.996117	-100.004089
11.260000	-3.103931	17.312067	-100.008080	-100.006828
11.270000	-3.193319	17.377502	-99.979195	-100.014297
11.280000	-3.283686	17.441568	-100.009590	-99.995827
11.290000	-3.374972	17.504295	-99.985344	-100.011406
11.300000	-3.467147	17.565668	-99.990273	-100.003502
11.310000	-3.560167	17.625711	-100.018173	-100.001549
11.320000	-3.654060	17.684355	-99.996239	-100.006111
11.330000	-3.748813	17.741598	-100.011513	-100.005989
11.340000	-3.844351	17.797472	-100.003174	-100.013649
11.350000	-3.940682	17.851946	-100.015854	-99.992523
11.360000	-4.037778	17.905001	-100.011177	-100.016052
11.370000	-4.135653	17.956614	-100.004211	-99.996964
11.380000	-4.234268	18.006752	-99.993973	-100.007782
11.390000	-4.333592	18.055445	-99.984840	-100.004906
11.400000	-4.433649	18.102642	-99.988678	-100.010971
11.410000	-4.534357	18.148382	-99.992165	-100.000572
11.420000	-4.635716	18.192633	-99.994736	-99.998131
11.430000	-4.737662	18.235418	-100.001770	-100.005333
11.440000	-4.840219	18.276718	-99.999504	-100.004723
11.450000	-4.943360	18.316496	-99.992012	-100.013901
11.460000	-5.047050	18.354727	-99.997337	-99.994080
11.470000	-5.151298	18.391432	-99.987999	-100.000427
11.480000	-5.256058	18.426632	-99.989754	-99.995575
11.490000	-5.361326	18.460304	-99.980820	-99.996468
11.500000	-5.524465	18.440451	-5.418730	18.408323
11.510000	-5.630669	18.471003	-100.006569	-100.007996
11.520000	-5.737311	18.499985	-99.988731	-99.998924
11.530000	-5.844366	18.527384	-100.011078	-99.997047
11.540000	-5.951831	18.553221	-99.990936	-100.004539
11.550000	-6.059618	18.577497	-99.999802	-100.027824
11.560000	-6.167759	18.600172	-99.992691	-100.003906
11.570000	-6.276222	18.621271	-99.988068	-99.978081
11.580000	-6.384983	18.640781	-100.009453	-99.985802
11.590000	-6.494007	18.658674	-100.001701	-100.002205
11.600000	-6.603295	18.674955	-99.995071	-100.003632
11.610000	-6.712799	18.689625	-99.996796	-100.020897
11.620000	-6.822505	18.702692	-100.013702	-99.989304
11.630000	-6.932376	18.714132	-100.005959	-99.994843
11.640000	-7.042388	18.723930	-99.998436	-99.996231
11.650000	-7.152480	18.732121	-99.997864	-100.004807
11.660000	-7.262691	18.738674	-100.003502	-99.994621
11.670000	-7.372977	18.743618	-100.005699	-100.013649
11.680000	-7.483286	18.746941	-99.995796	-100.009453
11.690000	-7.593604	18.748632	-100.012512	-99.991455
11.700000	-7.703913	18.748707	-99.991692	-100.005867
11.710000	-7.814182	18.747169	-99.990814	-99.990509
11.720000	-7.924446	18.744007	-100.006828	-99.993698
11.730000	-8.034637	18.739237	-99.996628	-99.995438
11.740000	-8.144753	18.732838	-100.004723	-100.008598
11.750000	-8.254776	18.724844	-100.020531	-99.996033
11.760000	-8.364684	18.715246	-100.005722	-100.002899
11.770000	-8.474411	18.704033	-99.993896	-100.005440
11.780000	-8.583958	18.691227	-99.999153	-100.001526
11.790000	-8.693293	18.676830	-99.978210	-99.987656
11.800000	-8.802387	18.660824	-99.981270	-100.005753
11.810000	-8.911204	18.643219	-100.002014	-100.003075
11.820000	-9.019758	18.624056	-100.002022	-100.001030
11.830000	-9.127990	18.603291	-100.003822	-99.993820
11.840000	-9.235886	18.580961	-100.010155	-99.987488
11.850000	-9.343432	18.557083	-99.989006	-100.015472
11.860000	-9.450608	18.531635	-99.990784	-100.006378
11.870000	-9.557384	18.504625	-100.020142	-100.015533
11.880000	-9.663724	18.476059	-99.994125	-100.016685
11.890000	-9.769631	18.445955	-100.005417	-99.997391
11.900000	-9.875088	18.414301	-100.018028	-99.989777
11.910000	-9.980040	18.381130	-100.014412	-99.997841
11.920000	-10.084478	18.346409	-99.990433	-100.005516
11.930000	-10.188407	18.310179	-99.979256	-99.996460
11.940000	-10.291789	18.272436	-100.003128	-100.002083
11.950000	-10.394576	18.233177	-99.987129	-100.009682
11.960000	-10.496736	18.192402	-99.992409	-100.001442
11.970000	-10.598292	18.150126	-99.992661	-100.005608
11.980000	-10.699203	18.106354	-99.996437	-99.992409
11.990000	-10.799458	18.061115	-100.001587	-99.984444
12.000000	-10.941212	17.972490	-10.841664	18.019201
12.010000	-11.040051	17.924339	-99.997200	-100.013962
12.020000	-11.138129	17.874733	-100.005646	-99.995148
12.030000	-11.235442	17.823689	-100.002975	-100.006607
12.040000	-11.331955	17.771196	-100.010414	-100.009766
12.050000	-11.427668	17.717299	-100.007668	-99.998070
12.060000	-11.522525	17.661968	-100.005882	-100.006187
12.070000	-11.616537	17.605242	-100.004753	-100.000755
12.080000	-11.709701	17.547144	-100.004204	-99.997238
12.090000	-11.801981	17.487677	-100.003090	-99.990280
12.100000	-11.893380	17.426872	-99.999588	-99.992737
12.110000	-11.983840	17.364714	-99.990494	-100.003853
12.120000	-12.073377	17.301252	-100.002075	-100.003990
12.130000	-12.161971	17.236498	-100.001038	-100.011696
12.140000	-12.249620	17.170483	-100.018303	-99.993614
12.150000	-12.336274	17.103186	-99.984940	-100.007721
12.160000	-12.421896	17.034616	-99.987312	-99.989922
12.170000	-12.506516	16.964832	-100.016136	-100.008873
12.180000	-12.590084	16.893810	-99.988113	-99.994095
12.190000	-12.672581	16.821562	-100.002876	-100.005692
12.200000	-12.753996	16.748114	-100.007835	-100.002151
12.210000	-12.834291	16.673458	-100.014229	-99.985725
12.220000	-12.913480	16.597643	-99.988815	-100.001556
12.230000	-12.991562	16.520702	-100.013962	-100.003372
12.240000	-13.068482	16.442617	-100.001030	-100.000053
12.250000	-13.144251	16.363434	-100.003494	-99.993668
12.260000	-13.218795	16.283113	-99.992294	-99.988205
12.270000	-13.292152	16.201721	-99.995438	-99.991859
12.280000	-13.364306	16.119278	-99.982803	-100.008842
12.290000	-13.435221	16.035778	-99.990410	-99.985527
12.300000	-13.504900	15.951252	-100.001434	-99.995392
12.310000	-13.573288	15.865687	-99.987755	-99.989334
12.320000	-13.640385	15.779124	-100.018135	-100.014648
12.330000	-13.706177	15.691586	-100.004036	-99.997894
12.340000	-13.770692	15.603132	-100.006912	-100.001999
12.350000	-13.833879	15.513737	-100.012985	-99.995476
12.360000	-13.895761	15.423450	-100.001801	-99.994156
12.370000	-13.956264	15.332239	-99.996750	-100.006844
12.380000	-14.015421	15.240163	-99.997475	-100.007164
12.390000	-14.073215	15.147240	-100.013313	-99.998886
12.400000	-14.129623	15.053464	-99.997818	-100.016808
12.410000	-14.184664	14.958897	-100.000938	-100.007034
12.420000	-14.238268	14.863516	-100.000435	-99.995270
12.430000	-14.290434	14.767344	-100.002548	-99.989029
12.440000	-14.341191	14.670412	-99.997208	-99.987267
12.450000	-14.390502	14.572751	-100.018959	-100.001259
12.460000	-14.438376	14.474386	-100.021713	-100.011040
12.470000	-14.484750	14.375314	-100.010384	-99.995323
12.480000	-14.529664	14.275582	-100.001907	-99.994171
12.490000	-14.573103	14.175219	-100.000351	-100.000946
12.500000	-14.659107	14.025864	-14.617170	14.126868
12.510000	-14.699541	13.924236	-99.979233	-100.004219
12.520000	-14.738420	13.822003	-100.008041	-99.998116
12.530000	-14.775765	13.719198	-99.997032	-100.023811
12.540000	-14.811574	13.615842	-99.989700	-99.993172
12.550000	-14.845844	13.511957	-100.018181	-99.979752
12.560000	-14.878566	13.407595	-99.995789	-100.004883
12.570000	-14.909743	13.302757	-99.995445	-99.985695
12.580000	-14.939331	13.197474	-99.993088	-99.994041
12.590000	-14.967372	13.091815	-100.005043	-99.992455
12.600000	-14.993837	12.985752	-100.006851	-99.995514
12.610000	-15.018770	12.879336	-99.984314	-99.993027
12.620000	-15.042105	12.772534	-100.015770	-100.006569
12.630000	-15.063828	12.665371	-99.993111	-100.003166
12.640000	-15.083969	12.557920	-99.996216	-100.005119
12.650000	-15.102496	12.450160	-100.010803	-99.984970
12.660000	-15.119457	12.342167	-99.999420	-100.000717
12.670000	-15.134835	12.233936	-100.002800	-100.004326
12.680000	-15.148622	12.125484	-99.997368	-100.005836
12.690000	-15.160810	12.016831	-100.004242	-99.994972
12.700000	-15.171407	11.907992	-100.019020	-100.022331
12.710000	-15.180384	11.799001	-99.967766	-99.999878
12.720000	-15.187745	11.689844	-99.996338	-100.009621
12.730000	-15.193494	11.580592	-100.019455	-100.003883
12.740000	-15.197639	11.471249	-100.007652	-99.992722
12.750000	-15.200137	11.361865	-100.001884	-100.004799
12.760000	-15.201011	11.252467	-99.992203	-99.993004
12.770000	-15.200249	11.143032	-100.004967	-100.013214
12.780000	-15.197850	11.033585	-99.978340	-99.998375
12.790000	-15.193844	10.924202	-100.003288	-99.992889
12.800000	-15.188216	10.814872	-100.013451	-99.990044
12.810000	-15.181005	10.705641	-99.994270	-100.017937
12.820000	-15.172179	10.596505	-99.993393	-100.013741
12.830000	-15.161740	10.487498	-99.996132	-99.991539
12.840000	-15.149680	10.378655	-100.004288	-99.991913
12.850000	-15.136023	10.269998	-99.978523	-100.016922
12.860000	-15.120749	10.161547	-99.982483	-99.992119
12.870000	-15.103827	10.053340	-99.988029	-99.999451
12.880000	-15.085312	9.945362	-100.000839	-100.004807
12.890000	-15.065196	9.837650	-99.993584	-99.989479
12.900000	-15.043446	9.730254	-100.006363	-99.988770
12.910000	-15.020131	9.623166	-99.989243	-99.994255
12.920000	-14.995183	9.516446	-99.999504	-99.981712
12.930000	-14.968678	9.410069	-100.011703	-100.000427
12.940000	-14.940591	9.304090	-100.004509	-100.010246
12.950000	-14.910913	9.198533	-100.002663	-100.004723
12.960000	-14.879672	9.093408	-100.000374	-100.006645
12.970000	-14.846876	8.988737	-100.015656	-100.006577
12.980000	-14.812523	8.884573	-99.999733	-100.006195
12.990000	-14.776641	8.780890	-100.026344	-100.000648
13.000000	-14.810613	8.584848	-14.848016	8.688029
13.010000	-14.771699	8.482189	-99.991615	-99.994995
13.020000	-14.731264	8.380106	-100.011505	-100.007019
13.030000	-14.689311	8.278614	-99.993301	-99.994041
13.040000	-14.645872	8.177709	-100.002823	-100.009460
13.050000	-14.600965	8.077404	-100.006889	-100.004082
13.060000	-14.554545	7.977752	-100.013985	-99.999039
13.070000	-14.506689	7.878731	-99.982224	-100.013329
13.080000	-14.457359	7.780418	-99.990051	-99.999916
13.090000	-14.406603	7.682801	-100.007347	-100.000969
13.100000	-14.354423	7.585892	-99.992821	-100.004097
13.110000	-14.300811	7.489727	-100.003296	-99.995857
13.120000	-14.245792	7.394318	-99.980377	-99.980461
13.130000	-14.189342	7.299734	-99.998383	-99.994751
13.140000	-14.131475	7.205987	-99.989731	-99.999702
13.150000	-14.072251	7.113048	-99.999443	-99.996719
13.160000	-14.011654	7.020967	-100.009666	-99.992973
13.170000	-13.949676	6.929772	-99.996323	-100.018692
13.180000	-13.886360	6.839470	-99.994270	-99.983482
13.190000	-13.821712	6.750072	-99.991409	-100.010704
13.200000	-13.755767	6.661579	-100.014084	-100.010521
13.210000	-13.688496	6.574059	-99.994202	-99.992538
13.220000	-13.619882	6.487552	-99.998451	-100.012489
13.230000	-13.549994	6.402027	-99.985794	-100.007462
13.240000	-13.478847	6.317502	-99.989311	-99.997490
13.250000	-13.406436	6.234014	-99.996689	-99.994331
13.260000	-13.332781	6.151579	-100.020721	-99.984848
13.270000	-13.257913	6.070199	-100.009995	-100.004204
13.280000	-13.181823	5.989913	-100.016052	-100.005630
13.290000	-13.104538	5.910725	-99.990791	-100.003609
13.300000	-13.026068	5.832659	-99.987099	-99.999046
13.310000	-12.946450	5.755711	-100.015152	-100.013771
13.320000	-12.865706	5.679890	-99.999336	-100.005234
13.330000	-12.783816	5.605251	-99.986084	-100.004509
13.340000	-12.700809	5.531799	-100.009460	-100.007492
13.350000	-12.616681	5.459571	-99.990753	-99.988113
13.360000	-12.531481	5.388552	-100.005348	-99.991776
13.370000	-12.445207	5.318779	-100.010086	-99.999809
13.380000	-12.357898	5.250239	-100.016129	-100.006569
13.390000	-12.269567	5.182952	-99.991539	-100.007324
13.400000	-12.180229	5.116939	-100.001640	-99.996262
13.410000	-12.089914	5.052213	-99.992180	-99.996956
13.420000	-11.998635	4.988791	-99.986099	-100.003128
13.430000	-11.906429	4.926676	-100.000771	-100.000092
13.440000	-11.813328	4.865878	-100.001656	-100.006622
13.450000	-11.719327	4.806423	-100.001022	-100.006264
13.460000	-11.624425	4.748337	-100.000206	-100.009506
13.470000	-11.528655	4.691621	-99.982903	-99.999573
13.480000	-11.432042	4.636282	-100.001686	-99.984657
13.490000	-11.334579	4.582339	-99.992310	-100.004982
13.500000	-11.327960	4.444606	-11.426221	4.497161
13.510000	-11.228909	4.393485	-100.005745	-100.006454
13.520000	-11.129077	4.343795	-100.017319	-100.008438
13.530000	-11.028492	4.295541	-99.994453	-99.996468
13.540000	-10.927173	4.248750	-100.006943	-99.992828
13.550000	-10.825175	4.203400	-100.009033	-100.012535
13.560000	-10.722477	4.159541	-99.994423	-99.993835
13.570000	-10.619106	4.117180	-100.015015	-99.991699
13.580000	-10.515084	4.076333	-99.999214	-99.987343
13.590000	-10.410439	4.037013	-100.005493	-100.006714
13.600000	-10.305186	3.999218	-100.000420	-100.008667
13.610000	-10.199401	3.962929	-100.017860	-100.013351
13.620000	-10.093053	3.928172	-100.002670	-99.993645
13.630000	-9.986174	3.894921	-99.997215	-99.996933
13.640000	-9.878799	3.863187	-99.995972	-99.992073
13.650000	-9.770909	3.833001	-99.995224	-100.009979
13.660000	-9.662535	3.804380	-100.007866	-100.002861
13.670000	-9.553756	3.777294	-99.999184	-99.987022
13.680000	-9.444554	3.751791	-99.995110	-100.003036
13.690000	-9.334954	3.727851	-100.006355	-99.991600
13.700000	-9.225002	3.705489	-99.986687	-100.006615
13.710000	-9.114688	3.684726	-100.008591	-100.002350
13.720000	-9.004050	3.665570	-100.006851	-99.980247
13.730000	-8.893116	3.647985	-100.000534	-99.997292
13.740000	-8.781950	3.631961	-99.998550	-99.996674
13.750000	-8.670537	3.617515	-99.985596	-100.006287
13.760000	-8.558864	3.604705	-99.997314	-100.007217
13.770000	-8.446989	3.593488	-99.996574	-100.000069
13.780000	-8.334907	3.583888	-100.002335	-100.001747
13.790000	-8.222652	3.575863	-99.996872	-100.023361
13.800000	-8.110270	3.569445	-100.025749	-100.000984
13.810000	-7.997762	3.564606	-99.986008	-100.014740
13.820000	-7.885148	3.561400	-100.002708	-99.994850
13.830000	-7.772489	3.559801	-100.009491	-99.990974
13.840000	-7.659789	3.559806	-99.980583	-100.016121
13.850000	-7.547069	3.561462	-100.017891	-99.997421
13.860000	-7.434329	3.564781	-99.997871	-100.000465
13.870000	-7.321599	3.569692	-99.999741	-100.001152
13.880000	-7.208923	3.576226	-99.992455	-100.000610
13.890000	-7.096340	3.584394	-100.004250	-99.996117
13.900000	-6.983835	3.594190	-99.992546	-99.992386
13.910000	-6.871467	3.605591	-99.990570	-99.992439
13.920000	-6.759227	3.618590	-100.008469	-99.999298
13.930000	-6.647137	3.633220	-100.003731	-99.993675
13.940000	-6.535248	3.649468	-100.006844	-99.996437
13.950000	-6.423601	3.667300	-100.015915	-99.999313
13.960000	-6.312176	3.686746	-99.981621	-100.000175
13.970000	-6.201043	3.707807	-100.018639	-100.007751
13.980000	-6.090188	3.730486	-100.003326	-99.992302
13.990000	-5.979658	3.754790	-99.995697	-99.991760
14.000000	-5.940664	3.672849	-6.050833	3.646907
14.010000	-5.830851	3.700368	-99.990234	-99.993896
14.020000	-5.721428	3.729470	-100.001122	-100.007729
14.030000	-5.612422	3.760133	-99.995331	-100.010262
14.040000	-5.503857	3.792377	-100.016136	-99.976875
14.050000	-5.395727	3.826174	-99.999657	-100.002129
14.060000	-5.288090	3.861565	-99.975914	-99.986397
14.070000	-5.180958	3.898502	-100.007164	-100.005432
14.080000	-5.074338	3.936959	-100.005730	-100.003113
14.090000	-4.968270	3.976962	-100.008659	-100.006439
14.100000	-4.862770	4.018497	-100.005638	-99.995834
14.110000	-4.757865	4.061567	-100.011040	-100.005165
14.120000	-4.653561	4.106151	-99.998924	-99.978668
14.130000	-4.549910	4.152248	-99.997665	-99.996353
14.140000	-4.446847	4.199778	-99.994255	-100.020142
14.150000	-4.344428	4.248764	-99.997971	-100.014168
14.160000	-4.242694	4.299200	-99.997704	-100.021736
14.170000	-4.141639	4.351090	-100.011063	-99.999237
14.180000	-4.041309	4.404413	-100.004341	-100.007843
14.190000	-3.941721	4.459175	-100.002365	-100.000381
14.200000	-3.842925	4.515376	-100.026764	-99.992813
14.210000	-3.744895	4.572958	-99.993332	-100.008522
14.220000	-3.647671	4.631902	-100.003662	-100.009888
14.230000	-3.551311	4.692271	-99.999550	-100.004654
14.240000	-3.455787	4.754003	-100.005943	-100.025719
14.250000	-3.361132	4.817098	-100.011505	-100.006821
14.260000	-3.267340	4.881516	-99.997536	-100.015450
14.270000	-3.174441	4.947265	-99.993530	-100.002579
14.280000	-3.082510	5.014359	-99.999397	-99.979965
14.290000	-2.991528	5.082766	-99.997063	-99.999008
14.300000	-2.901547	5.152500	-99.999535	-100.008881
14.310000	-2.812512	5.223469	-100.006958	-100.008034
14.320000	-2.724472	5.295690	-99.982895	-100.003784
14.330000	-2.637417	5.369121	-99.996674	-99.982933
14.340000	-2.551425	5.443806	-100.003090	-100.006058
14.350000	-2.466498	5.519721	-100.012810	-100.001762
14.360000	-2.382645	5.596830	-100.009094	-100.014099
14.370000	-2.299880	5.675117	-99.985252	-100.012749
14.380000	-2.218227	5.754574	-100.003380	-100.000954
14.390000	-2.137720	5.835204	-100.008293	-99.978188
14.400000	-2.058359	5.916973	-99.996307	-99.983917
14.410000	-1.980153	5.999853	-99.994324	-100.007103
14.420000	-1.903075	6.083790	-100.014015	-100.004921
14.430000	-1.827236	6.168858	-99.993568	-99.985863
14.440000	-1.752611	6.255001	-100.007774	-100.014259
14.450000	-1.679184	6.342175	-100.001007	-99.997406
14.460000	-1.607010	6.430394	-100.001434	-100.007103
14.470000	-1.536100	6.519633	-100.009964	-99.986229
14.480000	-1.466423	6.609840	-100.013763	-99.993874
14.490000	-1.398006	6.701000	-99.992996	-99.991943
14.500000	-1.417220	6.673139	-1.484293	6.580982
14.510000	-1.351475	6.766252	-100.002037	-99.996513
14.520000	-1.287040	6.860281	-99.999962	-100.010086
14.530000	-1.223908	6.955171	-99.993652	-99.998665
14.540000	-1.162132	7.050957	-99.998062	-100.000725
14.550000	-1.101697	7.147597	-99.995941	-99.985260
14.560000	-1.042639	7.245076	-100.002861	-99.991402
14.570000	-0.985001	7.343424	-99.979980	-99.986160
14.580000	-0.928735	7.442556	-100.004486	-100.008202
14.590000	-0.873883	7.542484	-99.992538	-99.989845
14.600000	-0.820451	7.643190	-99.983452	-99.993217
14.610000	-0.768468	7.744647	-99.992859	-100.000160
14.620000	-0.717937	7.846840	-99.991615	-99.999329
14.630000	-0.668891	7.949769	-100.013763	-100.012581
14.640000	-0.621301	8.053370	-100.003990	-99.999077
14.650000	-0.575165	8.157619	-99.995850	-99.982903
14.660000	-0.530521	8.262535	-99.999611	-99.990959
14.670000	-0.487348	8.368064	-99.997177	-99.990013
14.680000	-0.445666	8.474215	-100.009224	-100.009102
14.690000	-0.405514	8.580948	-99.999153	-100.018082
14.700000	-0.366930	8.688279	-99.993286	-99.993065
14.710000	-0.329855	8.796146	-100.020676	-100.006165
14.720000	-0.294355	8.904529	-99.986069	-99.998199
14.730000	-0.260423	9.013391	-100.001770	-100.018547
14.740000	-0.228036	9.122706	-100.003288	-100.019012
14.750000	-0.197168	9.232491	-100.021080	-100.013672
14.760000	-0.167826	9.342663	-100.003914	-100.020378
14.770000	-0.140083	9.453234	-99.995140	-99.994858
14.780000	-0.113893	9.564173	-100.008568	-100.003021
14.790000	-0.089259	9.675484	-100.019753	-100.006195
14.800000	-0.066222	9.787114	-100.017342	-99.988174
14.810000	-0.044778	9.899037	-100.001511	-99.992874
14.820000	-0.024918	10.011236	-99.988701	-100.001030
14.830000	-0.006619	10.123662	-99.987091	-100.006653
14.840000	0.010079	10.236310	-99.987541	-99.993118
14.850000	0.025162	10.349194	-99.990700	-100.002563
14.860000	0.038653	10.462293	-100.018745	-100.018250
14.870000	0.050527	10.575541	-99.993370	-99.970497
14.880000	0.060798	10.688917	-100.002068	-100.008461
14.890000	0.069442	10.802435	-99.990631	-100.000916
14.900000	0.076489	10.916070	-100.005157	-99.990898
14.910000	0.081923	11.029809	-100.001640	-99.995720
14.920000	0.085759	11.143634	-99.993011	-100.018791
14.930000	0.087967	11.257458	-100.003685	-99.987671
14.940000	0.088567	11.371270	-100.001549	-100.004456
14.950000	0.087554	11.485076	-100.004013	-99.999168
14.960000	0.084929	11.598829	-99.984138	-99.985695
14.970000	0.080667	11.712549	-99.992554	-99.996857
14.980000	0.074769	11.826200	-99.978745	-100.009262
14.990000	0.067263	11.939780	-100.009285	-100.004120
15.000000	-0.023048	11.940304	-0.013945	11.826842
15.010000	-0.033732	12.053613	-100.005936	-100.005775
15.020000	-0.046042	12.166733	-100.004539	-99.993126
15.030000	-0.059936	12.279642	-99.988403	-99.990372
15.040000	-0.075414	12.392307	-100.006310	-99.998062
15.050000	-0.092521	12.504715	-99.997673	-100.004120
15.060000	-0.111229	12.616865	-99.986588	-100.005997
15.070000	-0.131504	12.728726	-100.002953	-100.024078
15.080000	-0.153369	12.840286	-100.014076	-100.008865
15.090000	-0.176862	12.951487	-100.000496	-100.016411
15.100000	-0.201942	13.062325	-99.988007	-99.995171
15.110000	-0.228587	13.172781	-100.014862	-100.016899
15.120000	-0.256811	13.282823	-100.007851	-100.006927
15.130000	-0.286618	13.392418	-99.999672	-99.990982
15.140000	-0.317978	13.501554	-100.000519	-99.994598
15.150000	-0.350902	13.610209	-99.990662	-100.005005
15.160000	-0.385313	13.718389	-100.008537	-99.987091
15.170000	-0.421271	13.826004	-100.005821	-100.003036
15.180000	-0.458755	13.933073	-99.992668	-100.006516
15.190000	-0.497737	14.039582	-99.986389	-100.006935
15.200000	-0.538223	14.145501	-100.002266	-99.994232
15.210000	-0.580224	14.250762	-100.009964	-100.004501
15.220000	-0.623773	14.355322	-99.981361	-100.002663
15.230000	-0.668803	14.459210	-99.982918	-100.005585
15.240000	-0.715318	14.562387	-100.004768	-100.008026
15.250000	-0.763301	14.664838	-100.020134	-100.012238
15.260000	-0.812714	14.766573	-99.981926	-99.992470
15.270000	-0.863571	14.867530	-99.993446	-100.001778
15.280000	-0.915846	14.967723	-100.005539	-99.994331
15.290000	-0.969534	15.067119	-99.997833	-100.006691
15.300000	-1.024607	15.165723	-100.004791	-99.993980
15.310000	-1.081094	15.263456	-99.998283	-100.002090
15.320000	-1.138925	15.360358	-99.996803	-99.999367
15.330000	-1.198076	15.456412	-99.998619	-99.981499
15.340000	-1.258570	15.551572	-99.999107	-100.010063
15.350000	-1.320387	15.645833	-100.010674	-99.997246
15.360000	-1.383543	15.739137	-100.001945	-100.002510
15.370000	-1.448034	15.831471	-100.007339	-99.990898
15.380000	-1.513849	15.922813	-99.996460	-100.031403
15.390000	-1.580940	16.013172	-100.004257	-99.990982
15.400000	-1.649275	16.102552	-99.997543	-100.016083
15.410000	-1.718850	16.190920	-100.002197	-100.004181
15.420000	-1.789677	16.278231	-100.004059	-100.003853
15.430000	-1.861725	16.364485	-99.998413	-99.973740
15.440000	-1.934976	16.449659	-100.002274	-100.002670
15.450000	-2.009411	16.533749	-100.000931	-100.002396
15.460000	-2.085057	16.616692	-99.999557	-100.000198
15.470000	-2.161836	16.698532	-100.020073	-100.016251
15.480000	-2.239753	16.779234	-99.991020	-99.994102
15.490000	-2.318748	16.858824	-100.004295	-100.006065
15.500000	-2.526558	16.803015	-2.446450	16.724607
15.510000	-2.607765	16.880220	-99.981010	-100.004013
15.520000	-2.690012	16.956249	-99.993225	-99.991188
15.530000	-2.773319	17.031050	-99.995728	-100.003273
15.540000	-2.857676	17.104603	-99.999023	-99.983978
15.550000	-2.943037	17.176918	-99.980629	-100.003456
15.560000	-3.029401	17.247957	-100.006577	-99.977631
15.570000	-3.116724	17.317736	-100.010147	-99.997025
15.580000	-3.205006	17.386223	-99.985062	-100.014336
15.590000	-3.294229	17.453411	-100.016006	-100.000168
15.600000	-3.384352	17.519297	-99.992424	-100.000961
15.610000	-3.475413	17.583813	-99.998550	-100.009560
15.620000	-3.567365	17.646980	-100.004829	-100.005936
15.630000	-3.660197	17.708765	-99.987968	-99.985588
15.640000	-3.753881	17.769180	-100.014236	-100.004143
15.650000	-3.848371	17.828236	-99.995323	-99.996658
15.660000	-3.943660	17.885908	-99.994209	-99.982956
15.670000	-4.039737	17.942171	-100.016953	-99.996628
15.680000	-4.136603	17.996998	-100.016457	-99.996803
15.690000	-4.234238	18.050371	-99.998047	-100.013908
15.700000	-4.332600	18.102280	-99.999489	-100.001022
15.710000	-4.431649	18.152739	-99.990585	-100.017311
15.720000	-4.531354	18.201757	-100.010498	-99.999939
15.730000	-4.631718	18.249269	-99.998825	-99.996399
15.740000	-4.732716	18.295280	-100.003799	-100.015259
15.750000	-4.834309	18.339804	-100.005806	-100.002075
15.760000	-4.936491	18.382833	-100.000755	-100.007248
15.770000	-5.039231	18.424353	-100.003273	-100.003922
15.780000	-5.142530	18.464342	-99.999557	-99.992378
15.790000	-5.246359	18.502785	-100.010155	-99.988586
15.800000	-5.350708	18.539682	-100.003662	-100.001076
15.810000	-5.455546	18.575024	-99.988045	-99.990295
15.820000	-5.560861	18.608786	-100.002327	-99.996727
15.830000	-5.666605	18.640993	-100.001549	-100.004311
15.840000	-5.772754	18.671642	-99.997597	-99.989807
15.850000	-5.879331	18.700674	-99.991676	-99.992416
15.860000	-5.986286	18.728109	-99.993317	-100.004066
15.870000	-6.093604	18.753975	-99.989166	-99.987068
15.880000	-6.201240	18.778278	-99.994041	-99.983780
15.890000	-6.309188	18.801008	-99.997467	-99.994698
15.900000	-6.417410	18.822155	-99.996964	-99.986885
15.910000	-6.525887	18.841690	-99.975479	-100.015808
15.920000	-6.634608	18.859625	-100.019768	-100.006584
15.930000	-6.743514	18.875967	-100.006218	-99.994415
15.940000	-6.852582	18.890711	-99.998352	-100.015816
15.950000	-6.961827	18.903873	-99.988464	-99.984009
15.960000	-7.071209	18.915405	-99.996544	-99.975525
15.970000	-7.180704	18.925310	-100.000946	-100.009087
15.980000	-7.290287	18.933607	-100.001579	-99.999786
15.990000	-7.399932	18.940247	-100.006218	-99.999527
16.000000	-7.594143	18.737095	-7.484472	18.732098
16.010000	-7.703865	18.740477	-99.996178	-100.024216
16.020000	-7.813589	18.742252	-99.996262	-100.016914
16.030001	-7.923306	18.742407	-100.003944	-100.013268
16.040001	-8.032968	18.740919	-99.997330	-100.001938
16.049999	-8.142579	18.737793	-100.015244	-99.990311
16.059999	-8.252063	18.733059	-100.002312	-99.995171
16.070000	-8.361460	18.726698	-100.000191	-99.989281
16.080000	-8.470685	18.718752	-100.003044	-100.019241
16.090000	-8.579713	18.709221	-99.997757	-100.008759
16.100000	-8.688545	18.698071	-100.028481	-99.990555
16.110001	-8.797158	18.685324	-99.985954	-99.994064
16.120001	-8.905540	18.670982	-99.996567	-100.008087
16.129999	-9.013629	18.655046	-100.007423	-99.985291
16.139999	-9.121433	18.637503	-99.996193	-99.992844
16.150000	-9.228917	18.618357	-100.007446	-100.004623
16.160000	-9.336067	18.597654	-99.994705	-100.000168
16.170000	-9.442836	18.575361	-99.987793	-100.001450
16.180000	-9.549214	18.551460	-99.987724	-99.998703
16.190001	-9.655175	18.525982	-99.984406	-100.010788
16.200001	-9.760705	18.498930	-100.010735	-99.989906
16.209999	-9.865832	18.470343	-99.973381	-100.008881
16.219999	-9.970494	18.440228	-99.994377	-99.996689
16.230000	-10.074657	18.408552	-99.995773	-100.016426
16.240000	-10.178288	18.375341	-99.995995	-99.991516
16.250000	-10.281377	18.340593	-100.002914	-100.002892
16.260000	-10.383912	18.304323	-100.030724	-100.012833
16.270000	-10.485893	18.266581	-99.987717	-99.991974
16.280001	-10.587261	18.227337	-99.994232	-99.982002
16.290001	-10.688011	18.186613	-100.012764	-100.003387
16.299999	-10.788128	18.144400	-100.009682	-99.993332
16.309999	-10.887579	18.100716	-99.996490	-100.000076
16.320000	-10.986358	18.055605	-99.993965	-99.997185
16.330000	-11.084487	18.009100	-100.000969	-100.002892
16.340000	-11.181900	17.961168	-100.000351	-99.995087
16.350000	-11.278570	17.911806	-100.013664	-100.008682
16.360001	-11.374488	17.861034	-100.006577	-99.994370
16.370001	-11.469597	17.808846	-100.002335	-99.985611
16.379999	-11.563893	17.755255	-100.007019	-100.000580
16.389999	-11.657349	17.700287	-99.985298	-99.997566
16.400000	-11.749951	17.643944	-100.008347	-100.003769
16.410000	-11.841660	17.586224	-99.996681	-100.011543
16.420000	-11.932448	17.527121	-99.983536	-100.005028
16.430000	-12.022336	17.466694	-100.000298	-99.991196
16.440001	-12.111300	17.404953	-99.990974	-100.004395
16.450001	-12.199307	17.341902	-99.997002	-100.001564
16.459999	-12.286321	17.277534	-100.008270	-100.000290
16.469999	-12.372356	17.211910	-99.984909	-99.995949
16.480000	-12.457404	17.145037	-100.007637	-100.004128
16.490000	-12.541419	17.076910	-100.001984	-100.018509
16.500000	-12.673564	16.821629	-12.590593	16.890993
16.510000	-12.755439	16.751007	-99.998169	-100.010124
16.520000	-12.836227	16.679176	-99.997467	-99.996643
16.530001	-12.915951	16.606190	-100.001022	-99.996376
16.540001	-12.994557	16.532030	-100.009674	-99.990875
16.549999	-13.072035	16.456717	-99.990829	-99.993134
16.559999	-13.148362	16.380264	-100.005127	-100.008324
16.570000	-13.223532	16.302696	-100.003067	-100.022263
16.580000	-13.297543	16.224045	-99.995102	-99.983612
16.590000	-13.370362	16.144310	-99.982437	-100.004616
16.600000	-13.441956	16.063486	-99.978279	-99.996231
16.610001	-13.512329	15.981619	-99.995155	-99.997505
16.620001	-13.581463	15.898713	-100.010262	-100.004791
16.629999	-13.649325	15.814775	-100.000526	-100.008034
16.639999	-13.715932	15.729853	-99.985588	-99.990440
16.650000	-13.781253	15.643940	-100.000992	-100.010727
16.660000	-13.845242	15.557034	-99.983246	-99.997871
16.670000	-13.907919	15.469188	-100.004066	-100.003479
16.680000	-13.969265	15.380427	-99.993164	-100.004440
16.690001	-14.029227	15.290712	-100.002800	-99.996628
16.700001	-14.087834	15.200104	-99.998962	-99.996719
16.709999	-14.145066	15.108627	-100.007675	-99.997490
16.719999	-14.200933	15.016326	-99.991547	-100.001694
16.730000	-14.255427	14.923221	-99.985367	-100.002563
16.740000	-14.308505	14.829310	-100.006889	-100.004944
16.750000	-14.360189	14.734640	-99.992126	-99.992493
16.760000	-14.410430	14.639182	-100.008110	-100.017204
16.770000	-14.459216	14.542942	-99.994843	-99.990021
16.780001	-14.506557	14.445966	-100.012032	-99.988358
16.790001	-14.552432	14.348276	-99.992271	-99.982445
16.799999	-14.596837	14.249908	-99.987961	-100.006653
16.809999	-14.639791	14.150887	-99.976562	-100.006485
16.820000	-14.681299	14.051247	-100.001869	-100.003052
16.830000	-14.721324	13.950983	-99.998199	-99.991325
16.840000	-14.759848	13.850107	-99.998444	-100.009735
16.850000	-14.796856	13.748651	-99.985397	-100.002861
16.860001	-14.832353	13.646643	-100.005203	-99.994286
16.870001	-14.866335	13.544104	-99.996742	-99.984383
16.879999	-14.898776	13.441062	-100.003181	-99.996635
16.889999	-14.929698	13.337534	-99.999557	-99.998917
16.900000	-14.959052	13.233520	-99.997414	-100.017075
16.910000	-14.986859	13.129047	-99.998489	-100.008430
16.920000	-15.013106	13.024157	-99.989960	-100.005142
16.930000	-15.037780	12.918896	-100.006424	-99.993484
16.940001	-15.060916	12.813300	-100.004700	-99.990814
16.950001	-15.082485	12.707352	-100.000603	-99.999809
16.959999	-15.102481	12.601069	-100.005058	-100.015160
16.969999	-15.120862	12.494488	-100.015526	-99.985283
16.980000	-15.137660	12.387615	-99.995880	-99.994278
16.990000	-15.152873	12.280489	-100.007988	-99.979614
17.000000	-15.225963	12.017907	-15.212333	12.125282
17.010000	-15.237983	11.910319	-99.997269	-99.995506
17.020000	-15.248398	11.802559	-99.985130	-99.997581
17.030001	-15.257215	11.694577	-99.997902	-99.990166
17.040001	-15.264404	11.586467	-100.013451	-99.993301
17.049999	-15.269956	11.478250	-100.000786	-100.019836
17.059999	-15.273882	11.369913	-99.998993	-100.006287
17.070000	-15.276204	11.261464	-99.988922	-100.001320
17.080000	-15.276930	11.152955	-99.991150	-100.008072
17.090000	-15.276035	11.044423	-99.986237	-100.002647
17.100000	-15.273522	10.935893	-99.991760	-99.995796
17.110001	-15.269421	10.827387	-100.009872	-99.990364
17.120001	-15.263731	10.718925	-99.994057	-99.996216
17.129999	-15.256472	10.610536	-100.001259	-100.015556
17.139999	-15.247593	10.502229	-99.994019	-99.989799
17.150000	-15.237089	10.394028	-100.009857	-100.010201
17.160000	-15.224928	10.285995	-99.982178	-100.001320
17.170000	-15.211143	10.178126	-100.003853	-99.995399
17.180000	-15.195738	10.070463	-100.018761	-100.006805
17.190001	-15.178715	9.963010	-99.985443	-100.007339
17.200001	-15.160105	9.855821	-100.005386	-100.012024
17.209999	-15.139896	9.748838	-99.989883	-99.997787
17.219999	-15.118116	9.642156	-99.979500	-99.988686
17.230000	-15.094785	9.535748	-99.998604	-100.000603
17.240000	-15.069880	9.429640	-99.996048	-99.989151
17.250000	-15.043427	9.323874	-100.000259	-99.999512
17.260000	-15.015388	9.218480	-100.003525	-99.978806
17.270000	-14.985729	9.113509	-100.007271	-100.008797
17.280001	-14.954511	9.008974	-100.018440	-100.000565
17.290001	-14.921733	8.904907	-99.994896	-99.996651
17.299999	-14.887403	8.801317	-99.992424	-100.006660
17.309999	-14.851533	8.698212	-100.013756	-100.033020
17.320000	-14.814097	8.595632	-100.000778	-99.999199
17.330000	-14.775129	8.493601	-100.000069	-100.004570
17.340000	-14.734637	8.392126	-100.005714	-100.017937
17.350000	-14.692626	8.291225	-99.996796	-99.983536
17.360001	-14.649101	8.190930	-99.999443	-99.995842
17.370001	-14.604099	8.091229	-99.993713	-99.988686
17.379999	-14.557612	7.992172	-99.992859	-100.003777
17.389999	-14.509667	7.893776	-100.011589	-100.005447
17.400000	-14.460279	7.796041	-99.997200	-100.010582
17.410000	-14.409434	7.699015	-100.007484	-100.010956
17.420000	-14.357159	7.602699	-100.003647	-99.999466
17.430000	-14.303442	7.507126	-100.014297	-99.999107
17.440001	-14.248305	7.412318	-100.009659	-99.993759
17.450001	-14.191744	7.318318	-100.005577	-100.004639
17.459999	-14.133801	7.225116	-99.993820	-100.009659
17.469999	-14.074502	7.132740	-99.998589	-100.004364
17.480000	-14.013802	7.041232	-100.012589	-100.008949
17.490000	-13.951770	6.950581	-99.998322	-99.976830
17.500000	-13.871727	6.749366	-13.935121	6.839113
17.510000	-13.806973	6.660553	-100.006645	-99.996078
17.520000	-13.740860	6.572693	-99.997749	-99.999214
17.530001	-13.673419	6.485815	-99.992897	-100.004982
17.540001	-13.604692	6.399899	-100.002045	-100.005257
17.549999	-13.534696	6.314960	-99.981071	-100.006371
17.559999	-13.463461	6.230999	-99.988998	-100.017967
17.570000	-13.390943	6.148087	-100.007416	-100.004120
17.580000	-13.317168	6.066234	-100.016876	-99.998695
17.590000	-13.242179	5.985430	-99.978699	-99.987511
17.600000	-13.165964	5.905717	-100.010780	-100.006355
17.610001	-13.088540	5.827116	-100.001534	-100.002792
17.620001	-13.009929	5.749637	-100.011917	-100.016273
17.629999	-12.930139	5.673304	-99.983772	-100.000885
17.639999	-12.849200	5.598120	-99.998634	-99.986801
17.650000	-12.767129	5.524103	-100.000854	-100.000397
17.660000	-12.683950	5.451256	-99.999405	-99.996269
17.670000	-12.599665	5.379615	-100.002655	-99.987335
17.680000	-12.514298	5.309181	-100.008720	-100.000374
17.690001	-12.427878	5.239965	-100.006287	-99.994324
17.700001	-12.340413	5.171988	-100.018517	-99.997536
17.709999	-12.251937	5.105256	-100.003746	-100.008553
17.719999	-12.162461	5.039792	-100.015320	-100.010048
17.730000	-12.072005	4.975606	-99.987022	-100.007828
17.740000	-11.980578	4.912714	-100.004929	-99.987114
17.750000	-11.888189	4.851143	-99.999725	-100.003052
17.760000	-11.794888	4.790886	-99.993164	-100.002686
17.770000	-11.700680	4.731966	-99.997932	-100.006485
17.780001	-11.605574	4.674397	-100.001266	-100.012840
17.790001	-11.509606	4.618181	-99.990074	-99.999817
17.799999	-11.412804	4.563352	-99.993729	-100.005302
17.809999	-11.315156	4.509922	-100.008110	-100.015358
17.820000	-11.216697	4.457881	-100.001152	-99.993668
17.830000	-11.117485	4.407215	-99.987274	-100.000862
17.840000	-11.017495	4.357976	-99.993813	-99.992538
17.850000	-10.916765	4.310167	-100.006844	-100.000786
17.860001	-10.815324	4.263802	-99.991409	-99.997871
17.870001	-10.713183	4.218888	-100.003342	-100.006142
17.879999	-10.610365	4.175416	-99.998329	-100.006729
17.889999	-10.506926	4.133420	-99.995819	-99.997414
17.900000	-10.402838	4.092921	-100.004433	-100.001114
17.910000	-10.298130	4.053917	-99.971245	-99.991455
17.920000	-10.192842	4.016425	-99.999733	-99.996483
17.930000	-10.086987	3.980448	-100.033531	-100.003517
17.940001	-9.980551	3.946038	-100.012833	-99.992012
17.950001	-9.873590	3.913177	-99.996193	-99.988708
17.959999	-9.766129	3.881831	-99.996262	-100.016022
17.969999	-9.658168	3.851996	-99.989410	-100.001541
17.980000	-9.549743	3.823714	-99.990410	-100.003494
17.990000	-9.440887	3.796979	-100.004654	-99.999222
18.000000	-9.378237	3.697415	-9.487508	3.722583
18.010000	-9.268573	3.673849	-99.994560	-99.973679
18.020000	-9.158516	3.651874	-100.001190	-100.020668
18.030001	-9.048108	3.631470	-100.018463	-100.004868
18.040001	-8.937374	3.612648	-100.000938	-100.004517
18.049999	-8.826334	3.595415	-100.002235	-100.009422
18.059999	-8.715001	3.579769	-99.978508	-100.000000
18.070000	-8.603404	3.565749	-100.010330	-99.993797
18.080000	-8.491575	3.553329	-100.007225	-99.986099
18.090000	-8.379529	3.542494	-100.006104	-100.004372
18.100000	-8.267263	3.533257	-100.004684	-100.003937
18.110001	-8.154789	3.525616	-100.003876	-100.016960
18.120001	-8.042163	3.519554	-99.995399	-99.992302
18.129999	-7.929415	3.515084	-100.007950	-100.015999
18.139999	-7.816607	3.512210	-100.009178	-100.003181
18.150000	-7.703728	3.510941	-100.007797	-99.993210
18.160000	-7.590823	3.511300	-100.001091	-99.996284
18.170000	-7.477875	3.513281	-99.994080	-100.005074
18.180000	-7.364935	3.516891	-99.998764	-100.010750
18.190001	-7.252017	3.522137	-100.001411	-100.030441
18.200001	-7.139162	3.529005	-99.991402	-100.000153
18.209999	-7.026395	3.537479	-99.999527	-99.991600
18.219999	-6.913710	3.547579	-99.974487	-100.009109
18.230000	-6.801103	3.559253	-99.986855	-100.012283
18.240000	-6.688604	3.572539	-100.005981	-100.008446
18.250000	-6.576277	3.587449	-100.009300	-100.005508
18.260000	-6.464136	3.603998	-100.004875	-100.009476
18.270000	-6.352208	3.622140	-99.997314	-99.994911
18.280001	-6.240512	3.641892	-99.997894	-100.008530
18.290001	-6.129096	3.663220	-99.990395	-99.995239
18.299999	-6.017979	3.686159	-100.000343	-100.001183
18.309999	-5.907186	3.710688	-99.996201	-99.999458
18.320000	-5.796700	3.736785	-99.979240	-99.993919
18.330000	-5.686609	3.764486	-100.011681	-99.998230
18.340000	-5.576912	3.793779	-100.010147	-99.997215
18.350000	-5.467623	3.824616	-100.005096	-100.007912
18.360001	-5.358793	3.857048	-99.992126	-100.013321
18.370001	-5.250415	3.891063	-99.999939	-99.989014
18.379999	-5.142492	3.926617	-100.005402	-100.014175
18.389999	-5.035026	3.963686	-99.997078	-100.010071
18.400000	-4.928064	4.002289	-100.011612	-100.006348
18.410000	-4.821632	4.042411	-99.995903	-100.000153
18.420000	-4.715727	4.084019	-100.012947	-99.994171
18.430000	-4.610398	4.127128	-99.974182	-99.989914
18.440001	-4.505679	4.171726	-99.995277	-99.991783
18.450001	-4.401614	4.217836	-100.004906	-100.011047
18.459999	-4.298206	4.265428	-100.016525	-99.977882
18.469999	-4.195461	4.314496	-100.013321	-100.004730
18.480000	-4.093455	4.365057	-100.007103	-99.991821
18.490000	-3.992140	4.417056	-100.009087	-100.009834
18.500000	-4.004166	4.412301	-4.104733	4.358838
18.510000	-3.904339	4.467183	-99.981133	-99.977516
18.520000	-3.805323	4.523493	-100.010834	-100.018669
18.530001	-3.707138	4.581238	-100.000877	-99.999115
18.540001	-3.609760	4.640366	-100.006653	-100.012665
18.549999	-3.513240	4.700882	-100.004112	-99.991142
18.559999	-3.417566	4.762741	-100.005341	-100.005379
18.570000	-3.322770	4.825957	-99.988823	-99.997719
18.580000	-3.228905	4.890562	-100.008965	-99.989799
18.590000	-3.135951	4.956490	-100.007896	-100.001358
18.600000	-3.043935	5.023725	-100.000099	-99.992676
18.610001	-2.952878	5.092264	-100.004387	-100.008453
18.620001	-2.862815	5.162110	-100.001617	-99.994759
18.629999	-2.773755	5.233235	-100.006317	-99.989815
18.639999	-2.685702	5.305620	-100.014534	-99.991158
18.650000	-2.598670	5.379237	-100.018295	-100.000427
18.660000	-2.512695	5.454096	-100.000168	-100.016876
18.670000	-2.427838	5.530221	-99.992012	-100.008492
18.680000	-2.344047	5.607528	-100.005333	-99.992516
18.690001	-2.261370	5.686029	-99.991142	-99.993774
18.700001	-2.179851	5.765734	-99.994545	-99.986832
18.709999	-2.099443	5.846565	-100.000336	-100.012604
18.719999	-2.020184	5.928526	-100.003647	-100.014519
18.730000	-1.942110	6.011620	-100.017494	-100.000008
18.740000	-1.865192	6.095787	-100.012611	-100.004112
18.750000	-1.789473	6.181036	-100.019112	-99.999367
18.760000	-1.714968	6.267349	-99.998451	-100.003448
18.770000	-1.641701	6.354720	-99.997070	-100.002434
18.780001	-1.569671	6.443113	-99.996277	-99.986534
18.790001	-1.498903	6.532520	-99.989258	-100.007828
18.799999	-1.429438	6.622949	-99.996277	-99.991486
18.809999	-1.361266	6.714352	-99.997696	-99.996941
18.820000	-1.294392	6.806701	-100.003120	-100.004921
18.830000	-1.228811	6.899966	-99.997360	-100.002525
18.840000	-1.164570	6.994164	-99.989761	-99.998726
18.850000	-1.101642	7.089230	-99.981712	-99.990891
18.860001	-1.040084	7.185189	-100.000992	-100.004303
18.870001	-0.979910	7.282012	-99.994781	-99.996193
18.879999	-0.921088	7.379642	-100.000984	-100.005501
18.889999	-0.863652	7.478083	-100.010887	-100.004227
18.900000	-0.807625	7.577312	-100.003571	-99.992271
18.910000	-0.753027	7.677335	-99.998062	-100.001556
18.920000	-0.699881	7.778133	-99.997261	-100.005157
18.930000	-0.648199	7.879693	-100.002029	-99.995262
18.940001	-0.597972	7.981963	-100.005280	-100.002235
18.950001	-0.549229	8.084949	-99.994209	-99.990471
18.959999	-0.501968	8.188601	-100.022957	-100.023277
18.969999	-0.456199	8.292910	-99.989349	-99.991989
18.980000	-0.411899	8.397823	-99.993874	-100.002472
18.990000	-0.369101	8.503318	-99.998627	-100.012093
19.000000	-0.440988	8.530282	-0.482285	8.424194
19.010000	-0.401225	8.636931	-99.988205	-100.016449
19.020000	-0.362984	8.744101	-100.004791	-99.994278
19.030001	-0.326238	8.851783	-100.002129	-100.016747
19.040001	-0.291036	8.959960	-99.993431	-99.986107
19.049999	-0.257373	9.068601	-100.006615	-99.997337
19.059999	-0.225303	9.177749	-100.011971	-100.000969
19.070000	-0.194797	9.287311	-100.004684	-100.012123
19.080000	-0.165871	9.397274	-99.992287	-100.013184
19.090000	-0.138529	9.507620	-99.997589	-100.005318
19.100000	-0.112790	9.618320	-100.001350	-99.984314
19.110001	-0.088634	9.729386	-99.994301	-100.004875
19.120001	-0.066093	9.840791	-99.990967	-100.005936
