0.000000	0.000000	0.000556
0.010000	0.000000	0.001667
0.020000	0.000000	0.003333
0.030000	0.000000	0.005556
0.040000	0.000000	0.008333
0.050000	0.000000	0.011667
0.060000	0.000000	0.015556
0.070000	0.000000	0.020000
0.080000	0.000000	0.025000
0.090000	0.000000	0.030556
0.100000	0.000000	0.036667
0.110000	0.000000	0.043333
0.120000	0.000000	0.050556
0.130000	0.000000	0.058333
0.140000	0.000000	0.066667
0.150000	0.000000	0.075556
0.160000	0.000000	0.085000
0.170000	0.000000	0.095000
0.180000	0.000000	0.105556
0.190000	0.000000	0.116667
0.200000	0.000000	0.128333
0.210000	0.000000	0.140556
0.220000	0.000000	0.153333
0.230000	0.000000	0.166667
0.240000	0.000000	0.180556
0.250000	0.000000	0.195000
0.260000	0.000000	0.210000
0.270000	0.000000	0.225556
0.280000	0.000000	0.241667
0.290000	0.000000	0.258333
0.300000	0.000000	0.275555
0.310000	0.000000	0.293333
0.320000	0.000000	0.311667
0.330000	0.000000	0.330555
0.340000	0.000000	0.350000
0.350000	0.000000	0.370000
0.360000	0.000000	0.390556
0.370000	0.000000	0.411667
0.380000	0.000000	0.433333
0.390000	0.000000	0.455555
0.400000	0.000000	0.478333
0.410000	0.000000	0.501667
0.420000	0.000000	0.525555
0.430000	0.000000	0.550000
0.440000	0.000000	0.575000
0.450000	0.000000	0.600555
0.460000	0.000000	0.626667
0.470000	0.000000	0.653333
0.480000	0.000000	0.680555
0.490000	0.000000	0.708333
0.500000	0.000000	0.736667
0.510000	0.000000	0.765555
0.520000	0.000000	0.795000
0.530000	0.000000	0.825000
0.540000	0.000000	0.855555
0.550000	0.000000	0.886667
0.560000	0.000000	0.918333
0.570000	0.000000	0.950556
0.580000	0.000000	0.983333
0.590000	0.000000	1.016667
0.600000	0.000000	1.050556
0.610000	0.000000	1.085000
0.620000	0.000000	1.120000
0.630000	0.000000	1.155556
0.640000	0.000000	1.191667
0.650000	0.000000	1.228333
0.660000	0.000000	1.265556
0.670000	0.000000	1.303333
0.680000	0.000000	1.341667
0.690000	0.000000	1.380556
0.700000	0.000000	1.420000
0.710000	0.000000	1.460000
0.720000	0.000000	1.500556
0.730000	0.000000	1.541667
0.740000	0.000000	1.583333
0.750000	0.000000	1.625556
0.760000	0.000000	1.668333
0.770000	0.000000	1.711667
0.780000	0.000000	1.755556
0.790000	0.000000	1.800000
0.800000	0.000000	1.845000
0.810000	0.000000	1.890556
0.820000	0.000000	1.936667
0.830000	0.000000	1.983333
0.840000	0.000000	2.030555
0.850000	0.000000	2.078333
0.860000	0.000000	2.126667
0.870000	0.000000	2.175555
0.880000	0.000000	2.225000
0.890000	0.000000	2.275000
0.900000	0.000000	2.325555
0.910000	0.000000	2.376666
0.920000	0.000000	2.428333
0.930000	0.000000	2.480555
0.940000	0.000000	2.533333
0.950000	0.000000	2.586666
0.960000	0.000000	2.640555
0.970000	0.000000	2.694999
0.980000	0.000000	2.750000
0.990000	0.000000	2.805555
1.000000	0.000000	2.861666
1.010000	0.000000	2.918333
1.020000	0.000000	2.975555
1.030000	0.000000	3.033333
1.040000	0.000000	3.091666
1.050000	0.000000	3.150555
1.060000	0.000000	3.209999
1.070000	0.000000	3.269999
1.080000	0.000000	3.330554
1.090000	0.000000	3.391665
1.100000	0.000000	3.453332
1.110000	0.000000	3.515554
1.120000	0.000000	3.578332
1.130000	0.000000	3.641665
1.140000	0.000000	3.705554
1.150000	0.000000	3.769998
1.160000	0.000000	3.834998
1.170000	0.000000	3.900554
1.180000	0.000000	3.966665
1.190000	0.000000	4.033331
1.200000	0.000000	4.100554
1.210000	0.000000	4.168331
1.220000	0.000000	4.236664
1.230000	0.000000	4.305553
1.240000	0.000000	4.374997
1.250000	0.000000	4.444997
1.260000	0.000000	4.515553
1.270000	0.000000	4.586664
1.280000	0.000000	4.658330
1.290000	0.000000	4.730553
1.300000	0.000000	4.803330
1.310000	0.000000	4.876664
1.320000	0.000000	4.950552
1.330000	0.000000	5.024997
1.340000	0.000000	5.099997
1.350000	0.000000	5.175552
1.360000	0.000000	5.251663
1.370000	0.000000	5.328329
1.380000	0.000000	5.405551
1.390000	0.000000	5.483329
1.400000	0.000000	5.561662
1.410000	0.000000	5.640551
1.420000	0.000000	5.719995
1.430000	0.000000	5.799995
1.440000	0.000000	5.880551
1.450000	0.000000	5.961662
1.460000	0.000000	6.043328
1.470000	0.000000	6.125550
1.480000	0.000000	6.208328
1.490000	0.000000	6.291661
1.500000	0.000000	6.375549
1.510000	0.000000	6.459993
1.520000	0.000000	6.544993
1.530000	0.000000	6.630549
1.540000	0.000000	6.716660
1.550000	0.000000	6.803327
1.560000	0.000000	6.890549
1.570000	0.000000	6.978326
1.580000	0.000000	7.066659
1.590000	0.000000	7.155548
1.600000	0.000000	7.244992
1.610000	0.000000	7.334992
1.620000	0.000000	7.425547
1.630000	0.000000	7.516658
1.640000	0.000000	7.608325
1.650000	0.000000	7.700547
1.660000	0.000000	7.793324
1.670000	0.000000	7.886658
1.680000	0.000000	7.980546
1.690000	0.000000	8.074990
1.700000	0.000000	8.169991
1.710000	0.000000	8.265546
1.720000	0.000000	8.361657
1.730000	0.000000	8.458323
1.740000	0.000000	8.555546
1.750000	0.000000	8.653323
1.760000	0.000000	8.751657
1.770000	0.000000	8.850545
1.780000	0.000000	8.949989
1.790000	0.000000	9.049989
1.800000	0.000000	9.150544
1.810000	0.000000	9.251655
1.820000	0.000000	9.353321
1.830000	0.000000	9.455544
1.840000	0.000000	9.558321
1.850000	0.000000	9.661654
1.860000	0.000000	9.765543
1.870000	0.000000	9.869987
1.880000	0.000000	9.974987
1.890000	0.000000	10.080543
1.900000	0.000000	10.186653
1.910000	0.000000	10.293320
1.920000	0.000000	10.400541
1.930000	0.000000	10.508319
1.940000	0.000000	10.616652
1.950000	0.000000	10.725540
1.960000	0.000000	10.834985
1.970000	0.000000	10.944984
1.980000	0.000000	11.055540
1.990000	0.000000	11.166651
2.000000	0.001619	11.277738
2.010000	0.004856	11.388778
2.020000	0.009711	11.499747
2.030000	0.016182	11.610622
2.040000	0.024269	11.721379
2.050000	0.033968	11.831995
2.060000	0.045277	11.942446
2.070000	0.058195	12.052709
2.080000	0.072718	12.162760
2.090000	0.088843	12.272575
2.100000	0.106566	12.382133
2.110000	0.125884	12.491408
2.120000	0.146792	12.600379
2.130000	0.169285	12.709022
2.140000	0.193359	12.817313
2.150000	0.219008	12.925231
2.160000	0.246227	13.032751
2.170000	0.275010	13.139852
2.180000	0.305350	13.246510
2.190000	0.337241	13.352702
2.200000	0.370676	13.458407
2.210000	0.405647	13.563602
2.220000	0.442148	13.668264
2.230000	0.480169	13.772372
2.240000	0.519704	13.875903
2.250000	0.560742	13.978835
2.260000	0.603276	14.081146
2.270000	0.647297	14.182815
2.280000	0.692794	14.283819
2.290000	0.739757	14.384138
2.300000	0.788178	14.483750
2.310000	0.838045	14.582635
2.320000	0.889347	14.680771
2.330000	0.942073	14.778136
2.340000	0.996213	14.874712
2.350000	1.051754	14.970476
2.360000	1.108685	15.065410
2.370000	1.166992	15.159492
2.380000	1.226665	15.252702
2.390000	1.287688	15.345021
2.400000	1.350051	15.436430
2.410000	1.413739	15.526908
2.420000	1.478738	15.616437
2.430000	1.545035	15.704997
2.440000	1.612615	15.792570
2.450000	1.681464	15.879137
2.460000	1.751567	15.964680
2.470000	1.822909	16.049181
2.480000	1.895475	16.132622
2.490000	1.969248	16.214985
2.500000	2.044214	16.296251
2.510000	2.120356	16.376406
2.520000	2.197657	16.455429
2.530000	2.276102	16.533306
2.540000	2.355673	16.610020
2.550000	2.436353	16.685555
2.560000	2.518126	16.759893
2.570000	2.600973	16.833021
2.580000	2.684876	16.904922
2.590000	2.769818	16.975582
2.600000	2.855781	17.044985
2.610000	2.942746	17.113115
2.620000	3.030694	17.179960
2.630000	3.119606	17.245504
2.640000	3.209465	17.309734
2.650000	3.300249	17.372637
2.660000	3.391941	17.434196
2.670000	3.484519	17.494402
2.680000	3.577965	17.553240
2.690000	3.672258	17.610699
2.700000	3.767378	17.666765
2.710000	3.863305	17.721428
2.720000	3.960018	17.774675
2.730000	4.057497	17.826496
2.740000	4.155721	17.876881
2.750000	4.254668	17.925816
2.760000	4.354317	17.973291
2.770000	4.454648	18.019299
2.780000	4.555638	18.063828
2.790000	4.657267	18.106869
2.800000	4.759511	18.148413
2.810000	4.862350	18.188450
2.820000	4.965761	18.226973
2.830000	5.069723	18.263973
2.840000	5.174212	18.299442
2.850000	5.279208	18.333374
2.860000	5.384686	18.365761
2.870000	5.490625	18.396595
2.880000	5.597002	18.425871
2.890000	5.703794	18.453581
2.900000	5.810978	18.479721
2.910000	5.918532	18.504284
2.920000	6.026433	18.527266
2.930000	6.134656	18.548660
2.940000	6.243180	18.568464
2.950000	6.351980	18.586674
2.960000	6.461034	18.603283
2.970000	6.570319	18.618290
2.980000	6.679810	18.631691
2.990000	6.789485	18.643484
3.000000	6.899320	18.653666
3.010000	7.009292	18.662233
3.020000	7.119377	18.669186
3.030000	7.229551	18.674522
3.040000	7.339792	18.678240
3.050000	7.450074	18.680340
3.060000	7.560376	18.680820
3.070000	7.670672	18.679682
3.080000	7.780941	18.676924
3.090000	7.891157	18.672548
3.100000	8.001297	18.666555
3.110000	8.111339	18.658947
3.120000	8.221257	18.649723
3.130000	8.331030	18.638887
3.140000	8.440633	18.626442
3.150000	8.550043	18.612389
3.160000	8.659237	18.596731
3.170000	8.768190	18.579472
3.180000	8.876881	18.560616
3.190000	8.985285	18.540165
3.200000	9.093379	18.518126
3.210000	9.201140	18.494501
3.220000	9.308546	18.469297
3.230000	9.415573	18.442520
3.240000	9.522199	18.414173
3.250000	9.628400	18.384264
3.260000	9.734154	18.352798
3.270000	9.839437	18.319784
3.280000	9.944229	18.285227
3.290000	10.048506	18.249134
3.300000	10.152246	18.211515
3.310000	10.255425	18.172377
3.320000	10.358025	18.131727
3.330000	10.460020	18.089575
3.340000	10.561391	18.045929
3.350000	10.662114	18.000799
3.360000	10.762170	17.954195
3.370000	10.861535	17.906126
3.380000	10.960190	17.856602
3.390000	11.058112	17.805634
3.400000	11.155281	17.753231
3.410000	11.251676	17.699408
3.420000	11.347276	17.644173
3.430000	11.442060	17.587540
3.440000	11.536010	17.529520
3.450000	11.629104	17.470125
3.460000	11.721322	17.409369
3.470000	11.812646	17.347261
3.480000	11.903055	17.283819
3.490000	11.992530	17.219055
3.500000	12.081051	17.152983
3.510000	12.168600	17.085615
3.520000	12.255158	17.016968
3.530000	12.340707	16.947054
3.540000	12.425227	16.875889
3.550000	12.508701	16.803488
3.560000	12.591112	16.729866
3.570000	12.672441	16.655041
3.580000	12.752670	16.579025
3.590000	12.831784	16.501837
3.600000	12.909764	16.423492
3.610000	12.986594	16.344009
3.620000	13.062258	16.263403
3.630000	13.136739	16.181690
3.640000	13.210021	16.098888
3.650000	13.282089	16.015017
3.660000	13.352927	15.930092
3.670000	13.422521	15.844131
3.680000	13.490853	15.757154
3.690000	13.557912	15.669180
3.700000	13.623681	15.580225
3.710000	13.688147	15.490310
3.720000	13.751295	15.399453
3.730000	13.813113	15.307674
3.740000	13.873588	15.214993
3.750000	13.932705	15.121428
3.760000	13.990452	15.026999
3.770000	14.046817	14.931727
3.780000	14.101788	14.835632
3.790000	14.155352	14.738735
3.800000	14.207499	14.641056
3.810000	14.258216	14.542616
3.820000	14.307494	14.443435
3.830000	14.355322	14.343534
3.840000	14.401689	14.242936
3.850000	14.446584	14.141661
3.860000	14.489999	14.039730
3.870000	14.531924	13.937166
3.880000	14.572351	13.833990
3.890000	14.611269	13.730225
3.900000	14.648671	13.625891
3.910000	14.684548	13.521011
3.920000	14.718894	13.415608
3.930000	14.751699	13.309705
3.940000	14.782958	13.203322
3.950000	14.812663	13.096484
3.960000	14.840809	12.989212
3.970000	14.867388	12.881530
3.980000	14.892395	12.773460
3.990000	14.915825	12.665026
4.000000	14.937672	12.556250
4.010000	14.957932	12.447155
4.020000	14.976599	12.337765
4.030000	14.993670	12.228103
4.040000	15.009142	12.118192
4.050000	15.023010	12.008055
4.060000	15.035273	11.897716
4.070000	15.045925	11.787198
4.080000	15.054966	11.676525
4.090000	15.062393	11.565720
4.100000	15.068205	11.454806
4.110000	15.072400	11.343808
4.120000	15.074977	11.232749
4.130000	15.075935	11.121653
4.140000	15.075274	11.010542
4.150000	15.072995	10.899441
4.160000	15.069097	10.788373
4.170000	15.063580	10.677361
4.180000	15.056446	10.566431
4.190000	15.047696	10.455605
4.200000	15.037333	10.344905
4.210000	15.025357	10.234357
4.220000	15.011772	10.123983
4.230000	14.996580	10.013807
4.240000	14.979784	9.903852
4.250000	14.961388	9.794143
4.260000	14.941394	9.684701
4.270000	14.919807	9.575550
4.280000	14.896633	9.466713
4.290000	14.871875	9.358213
4.300000	14.845538	9.250074
4.310000	14.817629	9.142319
4.320000	14.788152	9.034969
4.330000	14.757113	8.928049
4.340000	14.724521	8.821581
4.350000	14.690380	8.715588
4.360000	14.654698	8.610091
4.370000	14.617483	8.505114
4.380000	14.578742	8.400678
4.390000	14.538483	8.296805
4.400000	14.496715	8.193520
4.410000	14.453445	8.090841
4.420000	14.408685	7.988792
4.430000	14.362442	7.887395
4.440000	14.314726	7.786670
4.450000	14.265548	7.686640
4.460000	14.214916	7.587325
4.470000	14.162844	7.488746
4.480000	14.109340	7.390925
4.490000	14.054416	7.293882
4.500000	13.998084	7.197638
4.510000	13.940355	7.102212
4.520000	13.881242	7.007627
4.530000	13.820757	6.913901
4.540000	13.758912	6.821055
4.550000	13.695721	6.729108
4.560000	13.631196	6.638080
4.570000	13.565352	6.547989
4.580000	13.498202	6.458856
4.590000	13.429761	6.370699
4.600000	13.360042	6.283537
4.610000	13.289060	6.197389
4.620000	13.216830	6.112272
4.630000	13.143368	6.028204
4.640000	13.068688	5.945205
4.650000	12.992807	5.863290
4.660000	12.915741	5.782478
4.670000	12.837504	5.702786
4.680000	12.758115	5.624230
4.690000	12.677589	5.546828
4.700000	12.595944	5.470596
4.710000	12.513197	5.395549
4.720000	12.429365	5.321705
4.730000	12.344465	5.249078
4.740000	12.258516	5.177684
4.750000	12.171536	5.107538
4.760000	12.083544	5.038655
4.770000	11.994556	4.971050
4.780000	11.904593	4.904737
4.790000	11.813673	4.839731
4.800000	11.721815	4.776044
4.810000	11.629039	4.713690
4.820000	11.535364	4.652684
4.830000	11.440810	4.593037
4.840000	11.345397	4.534762
4.850000	11.249145	4.477872
4.860000	11.152073	4.422379
4.870000	11.054203	4.368294
4.880000	10.955555	4.315629
4.890000	10.856151	4.264396
4.900000	10.756010	4.214604
4.910000	10.655154	4.166265
4.920000	10.553605	4.119390
4.930000	10.451384	4.073987
4.940000	10.348511	4.030066
4.950000	10.245008	3.987638
4.960000	10.140900	3.946710
4.970000	10.036205	3.907292
4.980000	9.930947	3.869392
4.990000	9.825148	3.833018
5.000000	9.718829	3.798177
5.010000	9.612015	3.764878
5.020000	9.504726	3.733127
5.030000	9.396987	3.702931
5.040000	9.288818	3.674296
5.050000	9.180243	3.647229
5.060000	9.071286	3.621734
5.070000	8.961968	3.597819
5.080000	8.852314	3.575487
5.090000	8.742346	3.554743
5.100000	8.632087	3.535592
5.110000	8.521561	3.518038
5.120000	8.410790	3.502084
5.130000	8.299799	3.487735
5.140000	8.188610	3.474993
5.150000	8.077248	3.463860
5.160000	7.965734	3.454339
5.170000	7.854095	3.446433
5.180000	7.742351	3.440142
5.190000	7.630527	3.435469
5.200000	7.518648	3.432413
5.210000	7.406735	3.430977
5.220000	7.294813	3.431159
5.230000	7.182906	3.432961
5.240000	7.071036	3.436381
5.250000	6.959229	3.441419
5.260000	6.847506	3.448074
5.270000	6.735892	3.456344
5.280000	6.624411	3.466228
5.290000	6.513085	3.477724
5.300000	6.401938	3.490829
5.310000	6.290995	3.505540
5.320000	6.180277	3.521854
5.330000	6.069808	3.539768
5.340000	5.959613	3.559279
5.350000	5.849713	3.580381
5.360000	5.740133	3.603070
5.370000	5.630894	3.627342
5.380000	5.522021	3.653191
5.390000	5.413536	3.680613
5.400000	5.305461	3.709600
5.410000	5.197821	3.740147
5.420000	5.090637	3.772248
5.430000	4.983932	3.805895
5.440000	4.877729	3.841082
5.450000	4.772049	3.877800
5.460000	4.666916	3.916043
5.470000	4.562351	3.955802
5.480000	4.458376	3.997069
5.490000	4.355013	4.039834
5.500000	4.252285	4.084089
5.510000	4.150212	4.129825
5.520000	4.048817	4.177032
5.530000	3.948120	4.225698
5.540000	3.848143	4.275816
5.550000	3.748907	4.327373
5.560000	3.650432	4.380359
5.570000	3.552740	4.434762
5.580000	3.455851	4.490571
5.590000	3.359785	4.547774
5.600000	3.264563	4.606359
5.610000	3.170205	4.666314
5.620000	3.076730	4.727626
5.630000	2.984159	4.790281
5.640000	2.892510	4.854267
5.650000	2.801803	4.919569
5.660000	2.712057	4.986175
5.670000	2.623291	5.054070
5.680000	2.535524	5.123239
5.690000	2.448774	5.193667
5.700000	2.363060	5.265340
5.710000	2.278399	5.338243
5.720000	2.194808	5.412360
5.730000	2.112307	5.487676
5.740000	2.030912	5.564173
5.750000	1.950641	5.641837
5.760000	1.871509	5.720651
5.770000	1.793534	5.800597
5.780000	1.716732	5.881660
5.790000	1.641120	5.963820
5.800000	1.566713	6.047063
5.810000	1.493526	6.131369
5.820000	1.421576	6.216720
5.830000	1.350877	6.303099
5.840000	1.281443	6.390487
5.850000	1.213291	6.478866
5.860000	1.146434	6.568217
5.870000	1.080885	6.658520
5.880000	1.016659	6.749758
5.890000	0.953770	6.841909
5.900000	0.892230	6.934956
5.910000	0.832052	7.028878
5.920000	0.773249	7.123654
5.930000	0.715833	7.219266
5.940000	0.659817	7.315692
5.950000	0.605211	7.412913
5.960000	0.552028	7.510907
5.970000	0.500279	7.609653
5.980000	0.449973	7.709132
5.990000	0.401123	7.809321
6.000000	0.353737	7.910200
6.010000	0.307826	8.011746
6.020000	0.263400	8.113939
6.030000	0.220468	8.216757
6.040000	0.179038	8.320177
6.050000	0.139119	8.424178
6.060000	0.100721	8.528738
6.070000	0.063849	8.633835
6.080000	0.028513	8.739446
6.090000	-0.005280	8.845549
6.100000	-0.037524	8.952121
6.110000	-0.068211	9.059140
6.120000	-0.097336	9.166583
6.130000	-0.124893	9.274427
6.140000	-0.150875	9.382649
6.150000	-0.175277	9.491227
6.160000	-0.198095	9.600137
6.170000	-0.219323	9.709355
6.180000	-0.238958	9.818860
6.190000	-0.256995	9.928628
6.200000	-0.273431	10.038635
6.210000	-0.288262	10.148858
6.220000	-0.301486	10.259274
6.230000	-0.313099	10.369858
6.240000	-0.323100	10.480588
6.250000	-0.331486	10.591440
6.260000	-0.338256	10.702392
6.270000	-0.343409	10.813417
6.280000	-0.346944	10.924495
6.290000	-0.348859	11.035601
6.300000	-0.349156	11.146710
6.310000	-0.347833	11.257801
6.320000	-0.344892	11.368849
6.330000	-0.340334	11.479830
6.340000	-0.334158	11.590721
6.350000	-0.326368	11.701499
6.360000	-0.316964	11.812140
6.370000	-0.305949	11.922619
6.380000	-0.293326	12.032915
6.390000	-0.279097	12.143003
6.400000	-0.263265	12.252861
6.410000	-0.245834	12.362464
6.420000	-0.226808	12.471789
6.430000	-0.206191	12.580814
6.440000	-0.183988	12.689516
6.450000	-0.160203	12.797871
6.460000	-0.134842	12.905855
6.470000	-0.107910	13.013447
6.480000	-0.079414	13.120623
6.490000	-0.049358	13.227360
6.500000	-0.017751	13.333636
6.510000	0.015401	13.439429
6.520000	0.050092	13.544716
6.530000	0.086313	13.649474
6.540000	0.124056	13.753681
6.550000	0.163314	13.857316
6.560000	0.204077	13.960356
6.570000	0.246338	14.062778
6.580000	0.290087	14.164563
6.590000	0.335314	14.265687
6.600000	0.382009	14.366130
6.610000	0.430164	14.465870
6.620000	0.479766	14.564885
6.630000	0.530806	14.663156
6.640000	0.583272	14.760660
6.650000	0.637154	14.857378
6.660000	0.692438	14.953289
6.670000	0.749115	15.048372
6.680000	0.807171	15.142608
6.690000	0.866594	15.235975
6.700000	0.927371	15.328455
6.710000	0.989489	15.420028
6.720000	1.052935	15.510674
6.730000	1.117694	15.600373
6.740000	1.183754	15.689108
6.750000	1.251100	15.776859
6.760000	1.319717	15.863607
6.770000	1.389591	15.949335
6.780000	1.460706	16.034023
6.790000	1.533048	16.117655
6.800000	1.606601	16.200211
6.810000	1.681349	16.281675
6.820000	1.757276	16.362030
6.830000	1.834366	16.441257
6.840000	1.912601	16.519342
6.850000	1.991967	16.596266
6.860000	2.072444	16.672014
6.870000	2.154017	16.746569
6.880000	2.236668	16.819916
6.890000	2.320378	16.892038
6.900000	2.405130	16.962921
6.910000	2.490906	17.032551
6.920000	2.577688	17.100910
6.930000	2.665456	17.167986
6.940000	2.754193	17.233765
6.950000	2.843878	17.298231
6.960000	2.934493	17.361372
6.970000	3.026019	17.423174
6.980000	3.118435	17.483624
6.990000	3.211722	17.542709
7.000000	3.305860	17.600418
7.010000	3.400829	17.656736
7.020000	3.496609	17.711653
7.030000	3.593178	17.765156
7.040000	3.690517	17.817234
7.050000	3.788604	17.867876
7.060000	3.887418	17.917072
7.070000	3.986939	17.964811
7.080000	4.087145	18.011084
7.090000	4.188014	18.055880
7.100000	4.289526	18.099188
7.110000	4.391657	18.141001
7.120000	4.494387	18.181309
7.130000	4.597693	18.220104
7.140000	4.701553	18.257380
7.150000	4.805946	18.293125
7.160000	4.910848	18.327333
7.170000	5.016238	18.359999
7.180000	5.122092	18.391111
7.190000	5.228388	18.420668
7.200000	5.335104	18.448660
7.210000	5.442215	18.475082
7.220000	5.549701	18.499929
7.230000	5.657537	18.523195
7.240000	5.765701	18.544876
7.250000	5.874169	18.564966
7.260000	5.982918	18.583462
7.270000	6.091925	18.600359
7.280000	6.201166	18.615654
7.290000	6.310619	18.629345
7.300000	6.420259	18.641426
7.310000	6.530064	18.651897
7.320000	6.640010	18.660755
7.330000	6.750073	18.667999
7.340000	6.860229	18.673626
7.350000	6.970457	18.677635
7.360000	7.080730	18.680027
7.370000	7.191027	18.680799
7.380000	7.301323	18.679953
7.390000	7.411595	18.677486
7.400000	7.521819	18.673403
7.410000	7.631972	18.667702
7.420000	7.742030	18.660383
7.430000	7.851969	18.651449
7.440000	7.961767	18.640903
7.450000	8.071399	18.628746
7.460000	8.180842	18.614981
7.470000	8.290073	18.599611
7.480000	8.399069	18.582640
7.490000	8.507805	18.564070
7.500000	8.616259	18.543905
7.510000	8.724407	18.522152
7.520000	8.832228	18.498812
7.530000	8.939696	18.473892
7.540000	9.046790	18.447397
7.550000	9.153486	18.419333
7.560000	9.259762	18.389704
7.570000	9.365595	18.358519
7.580000	9.470962	18.325783
7.590000	9.575840	18.291502
7.600000	9.680208	18.255686
7.610000	9.784043	18.218340
7.620000	9.887323	18.179474
7.630000	9.990026	18.139095
7.640000	10.092129	18.097212
7.650000	10.193610	18.053833
7.660000	10.294449	18.008968
7.670000	10.394623	17.962627
7.680000	10.494111	17.914820
7.690000	10.592892	17.865557
7.700000	10.690944	17.814848
7.710000	10.788247	17.762703
7.720000	10.884780	17.709133
7.730000	10.980522	17.654152
7.740000	11.075453	17.597769
7.750000	11.169552	17.539997
7.760000	11.262798	17.480848
7.770000	11.355173	17.420336
7.780000	11.446656	17.358471
7.790000	11.537229	17.295267
7.800000	11.626870	17.230740
7.810000	11.715562	17.164900
7.820000	11.803285	17.097763
7.830000	11.890019	17.029345
7.840000	11.975748	16.959658
7.850000	12.060452	16.888716
7.860000	12.144113	16.816536
7.870000	12.226713	16.743134
7.880000	12.308235	16.668524
7.890000	12.388661	16.592722
7.900000	12.467974	16.515743
7.910000	12.546156	16.437605
7.920000	12.623192	16.358324
7.930000	12.699064	16.277918
7.940000	12.773756	16.196404
7.950000	12.847252	16.113796
7.960000	12.919537	16.030115
7.970000	12.990594	15.945378
7.980000	13.060410	15.859603
7.990000	13.128967	15.772808
8.000000	13.196253	15.685011
8.010000	13.262252	15.596231
8.020000	13.326950	15.506488
8.030000	13.390334	15.415799
8.040000	13.452390	15.324184
8.050000	13.513103	15.231664
8.060000	13.572462	15.138256
8.070000	13.630453	15.043982
8.080000	13.687064	14.948860
8.090000	13.742284	14.852912
8.100000	13.796099	14.756158
8.110000	13.848498	14.658618
8.120000	13.899471	14.560313
8.130000	13.949006	14.461264
8.140000	13.997092	14.361491
8.150000	14.043719	14.261017
8.160000	14.088877	14.159862
8.170000	14.132556	14.058047
8.180000	14.174747	13.955596
8.190000	14.215440	13.852529
8.200000	14.254626	13.748867
8.210000	14.292298	13.644634
8.220000	14.328447	13.539851
8.230000	14.363066	13.434541
8.240000	14.396146	13.328726
8.250000	14.427680	13.222428
8.260000	14.457663	13.115670
8.270000	14.486086	13.008475
8.280000	14.512944	12.900866
8.290000	14.538232	12.792864
8.300000	14.561942	12.684493
8.310000	14.584071	12.575777
8.320000	14.604613	12.466738
8.330000	14.623565	12.357399
8.340000	14.640921	12.247784
8.350000	14.656677	12.137916
8.360000	14.670831	12.027818
8.370000	14.683379	11.917514
8.380000	14.694319	11.807027
8.390000	14.703647	11.696381
8.400000	14.711361	11.585598
8.410000	14.717461	11.474703
8.420000	14.721944	11.363719
8.430000	14.724809	11.252669
8.440000	14.726055	11.141579
8.450000	14.725682	11.030469
8.460000	14.723691	10.919365
8.470000	14.720080	10.808290
8.480000	14.714851	10.697268
8.490000	14.708005	10.586323
8.500000	14.699543	10.475476
8.510000	14.689466	10.364753
8.520000	14.677777	10.254176
8.530000	14.664478	10.143770
8.540000	14.649571	10.033558
8.550000	14.633060	9.923562
8.560000	14.614948	9.813807
8.570000	14.595239	9.704316
8.580000	14.573936	9.595112
8.590000	14.551044	9.486217
8.600000	14.526567	9.377657
8.610000	14.500510	9.269453
8.620000	14.472880	9.161628
8.630000	14.443682	9.054205
8.640000	14.412921	8.947207
8.650000	14.380604	8.840657
8.660000	14.346738	8.734578
8.670000	14.311330	8.628991
8.680000	14.274386	8.523920
8.690000	14.235916	8.419387
8.700000	14.195927	8.315413
8.710000	14.154427	8.212022
8.720000	14.111423	8.109234
8.730000	14.066927	8.007071
8.740000	14.020947	7.905557
8.750000	13.973492	7.804711
8.760000	13.924573	7.704556
8.770000	13.874200	7.605112
8.780000	13.822383	7.506401
8.790000	13.769133	7.408443
8.800000	13.714460	7.311261
8.810000	13.658378	7.214873
8.820000	13.600897	7.119301
8.830000	13.542029	7.024565
8.840000	13.481788	6.930685
8.850000	13.420184	6.837680
8.860000	13.357231	6.745572
8.870000	13.292943	6.654379
8.880000	13.227333	6.564120
8.890000	13.160415	6.474815
8.900000	13.092202	6.386484
8.910000	13.022709	6.299143
8.920000	12.951951	6.212813
8.930000	12.879942	6.127511
8.940000	12.806698	6.043256
8.950000	12.732234	5.960065
8.960000	12.656566	5.877956
8.970000	12.579708	5.796947
8.980000	12.501678	5.717054
8.990000	12.422493	5.638295
9.000000	12.342168	5.560686
9.010000	12.260720	5.484244
9.020000	12.178167	5.408986
9.030000	12.094526	5.334926
9.040000	12.009815	5.262082
9.050000	11.924051	5.190467
9.060000	11.837254	5.120099
9.070000	11.749439	5.050990
9.080000	11.660627	4.983157
9.090000	11.570836	4.916613
9.100000	11.480084	4.851372
9.110000	11.388391	4.787449
9.120000	11.295777	4.724858
9.130000	11.202261	4.663610
9.140000	11.107862	4.603721
9.150000	11.012599	4.545201
9.160000	10.916494	4.488063
9.170000	10.819567	4.432321
9.180000	10.721837	4.377985
9.190000	10.623326	4.325067
9.200000	10.524055	4.273578
9.210000	10.424043	4.223529
9.220000	10.323313	4.174931
9.230000	10.221885	4.127794
9.240000	10.119781	4.082129
9.250000	10.017022	4.037944
9.260000	9.913630	3.995249
9.270000	9.809628	3.954054
9.280000	9.705035	3.914367
9.290000	9.599875	3.876196
9.300000	9.494171	3.839550
9.310000	9.387943	3.804436
9.320000	9.281216	3.770862
9.330000	9.174009	3.738835
9.340000	9.066348	3.708362
9.350000	8.958254	3.679449
9.360000	8.849750	3.652102
9.370000	8.740859	3.626328
9.380000	8.631604	3.602131
9.390000	8.522008	3.579517
9.400000	8.412094	3.558490
9.410000	8.301886	3.539056
9.420000	8.191405	3.521217
9.430000	8.080676	3.504979
9.440000	7.969722	3.490344
9.450000	7.858567	3.477315
9.460000	7.747233	3.465896
9.470000	7.635745	3.456089
9.480000	7.524126	3.447895
9.490000	7.412398	3.441317
9.500000	7.300587	3.436355
9.510000	7.188715	3.433012
9.520000	7.076807	3.431287
9.530000	6.964885	3.431182
9.540000	6.852973	3.432695
9.550000	6.741096	3.435827
9.560000	6.629275	3.440578
9.570000	6.517536	3.446945
9.580000	6.405901	3.454928
9.590000	6.294394	3.464525
9.600000	6.183039	3.475735
9.610000	6.071859	3.488554
9.620000	5.960878	3.502979
9.630000	5.850118	3.519009
9.640000	5.739604	3.536639
9.650000	5.629358	3.555865
9.660000	5.519404	3.576684
9.670000	5.409765	3.599092
9.680000	5.300464	3.623083
9.690000	5.191524	3.648652
9.700000	5.082968	3.675794
9.710000	4.974819	3.704503
9.720000	4.867100	3.734773
9.730000	4.759833	3.766598
9.740000	4.653041	3.799971
9.750000	4.546747	3.834884
9.760000	4.440972	3.871331
9.770000	4.335740	3.909303
9.780000	4.231072	3.948793
9.790000	4.126991	3.989792
9.800000	4.023519	4.032292
9.810000	3.920676	4.076283
9.820000	3.818485	4.121756
9.830000	3.716968	4.168702
9.840000	3.616145	4.217110
9.850000	3.516038	4.266970
9.860000	3.416669	4.318272
9.870000	3.318057	4.371004
9.880000	3.220224	4.425156
9.890000	3.123191	4.480716
9.900000	3.026977	4.537673
9.910000	2.931604	4.596013
9.920000	2.837090	4.655725
9.930000	2.743457	4.716795
9.940000	2.650723	4.779212
9.950000	2.558909	4.842962
9.960000	2.468033	4.908031
9.970000	2.378115	4.974406
9.980000	2.289174	5.042072
9.990000	2.201228	5.111015
10.000000	2.114295	5.181221
10.010000	2.028395	5.252674
10.020000	1.943546	5.325359
10.030000	1.859764	5.399261
10.040000	1.777068	5.474365
10.050000	1.695475	5.550653
10.060000	1.615002	5.628111
10.070000	1.535666	5.706721
10.080000	1.457484	5.786467
10.090000	1.380473	5.867332
10.100000	1.304647	5.949299
10.110000	1.230025	6.032350
10.120000	1.156620	6.116468
10.130000	1.084448	6.201635
10.140000	1.013525	6.287832
10.150000	0.943866	6.375042
10.160000	0.875485	6.463246
10.170000	0.808396	6.552425
10.180000	0.742614	6.642561
10.190000	0.678152	6.733634
10.200000	0.615024	6.825624
10.210000	0.553243	6.918513
10.220000	0.492822	7.012280
10.230000	0.433773	7.106906
10.240000	0.376110	7.202371
10.250000	0.319843	7.298654
10.260000	0.264986	7.395734
10.270000	0.211549	7.493592
10.280000	0.159544	7.592206
10.290000	0.108980	7.691556
10.300000	0.059870	7.791621
10.310000	0.012223	7.892378
10.320000	-0.033950	7.993808
10.330000	-0.078641	8.095887
10.340000	-0.121840	8.198595
10.350000	-0.163538	8.301909
10.360000	-0.203726	8.405809
10.370000	-0.242395	8.510272
10.380000	-0.279539	8.615275
10.390000	-0.315149	8.720797
10.400000	-0.349217	8.826814
10.410000	-0.381737	8.933304
10.420000	-0.412702	9.040245
10.430000	-0.442105	9.147614
10.440000	-0.469941	9.255389
10.450000	-0.496203	9.363546
10.460000	-0.520887	9.472062
10.470000	-0.543987	9.580914
10.480000	-0.565499	9.690081
10.490000	-0.585417	9.799537
10.500000	-0.603739	9.909259
10.510000	-0.620460	10.019225
10.520000	-0.635576	10.129412
10.530000	-0.649086	10.239795
10.540000	-0.660986	10.350351
10.550000	-0.671274	10.461058
10.560000	-0.679947	10.571890
10.570000	-0.687005	10.682825
10.580000	-0.692446	10.793839
10.590000	-0.696268	10.904910
10.600000	-0.698472	11.016012
10.610000	-0.699056	11.127123
10.620000	-0.698022	11.238218
10.630000	-0.698606	11.349305
10.640000	-0.700810	11.460361
10.650000	-0.704631	11.571360
10.660000	-0.710070	11.682280
10.670000	-0.717125	11.793097
10.680000	-0.725793	11.903788
10.690000	-0.736074	12.014329
10.700000	-0.747965	12.124697
10.710000	-0.761463	12.234868
10.720000	-0.776564	12.344819
10.730000	-0.793267	12.454527
10.740000	-0.811566	12.563968
10.750000	-0.831459	12.673119
10.760000	-0.852940	12.781956
10.770000	-0.876004	12.890457
10.780000	-0.900648	12.998599
10.790000	-0.926865	13.106359
10.800000	-0.954649	13.213713
10.810000	-0.983995	13.320639
10.820000	-1.014896	13.427114
10.830000	-1.047345	13.533116
10.840000	-1.081336	13.638622
10.850000	-1.116860	13.743610
10.860000	-1.153911	13.848058
10.870000	-1.192480	13.951942
10.880000	-1.232558	14.055243
10.890000	-1.274138	14.157935
10.900000	-1.317210	14.259999
10.910000	-1.361765	14.361413
10.920000	-1.407793	14.462155
10.930000	-1.455284	14.562204
10.940000	-1.504228	14.661539
10.950000	-1.554614	14.760139
10.960000	-1.606432	14.857982
10.970000	-1.659671	14.955048
10.980000	-1.714318	15.051315
10.990000	-1.770362	15.146765
11.000000	-1.827791	15.241376
11.010000	-1.886593	15.335128
11.020000	-1.946756	15.428001
11.030000	-2.008265	15.519977
11.040000	-2.071107	15.611034
11.050000	-2.135271	15.701155
11.060000	-2.200740	15.790318
11.070000	-2.267503	15.878508
11.080000	-2.335543	15.965702
11.090000	-2.404847	16.051884
11.100000	-2.475399	16.137035
11.110000	-2.547185	16.221138
11.120000	-2.620189	16.304174
11.130000	-2.694395	16.386126
11.140000	-2.769787	16.466976
11.150000	-2.846350	16.546707
11.160000	-2.924067	16.625301
11.170000	-3.002921	16.702744
11.180000	-3.082895	16.779016
11.190000	-3.163972	16.854105
11.200000	-3.246135	16.927992
11.210000	-3.329365	17.000662
11.220000	-3.413646	17.072100
11.230000	-3.498959	17.142290
11.240000	-3.585286	17.211218
11.250000	-3.672609	17.278870
11.260000	-3.760908	17.345230
11.270000	-3.850165	17.410284
11.280000	-3.940360	17.474018
11.290000	-4.031475	17.536421
11.300000	-4.123489	17.597477
11.310000	-4.216383	17.657173
11.320000	-4.310138	17.715498
11.330000	-4.404733	17.772440
11.340000	-4.500147	17.827986
11.350000	-4.596361	17.882122
11.360000	-4.693354	17.934839
11.370000	-4.791104	17.986126
11.380000	-4.889592	18.035971
11.390000	-4.988796	18.084364
11.400000	-5.088694	18.131294
11.410000	-5.189266	18.176752
11.420000	-5.290489	18.220728
11.430000	-5.392343	18.263212
11.440000	-5.494805	18.304195
11.450000	-5.597854	18.343670
11.460000	-5.701467	18.381628
11.470000	-5.805622	18.418060
11.480000	-5.910297	18.452959
11.490000	-6.015470	18.486317
11.500000	-6.121118	18.518126
11.510000	-6.227218	18.548380
11.520000	-6.333748	18.577074
11.530000	-6.440685	18.604200
11.540000	-6.548006	18.629755
11.550000	-6.655688	18.653730
11.560000	-6.763708	18.676123
11.570000	-6.872043	18.696926
11.580000	-6.980670	18.716137
11.590000	-7.089565	18.733751
11.600000	-7.198706	18.749765
11.610000	-7.308068	18.764175
11.620000	-7.417629	18.776979
11.630000	-7.527365	18.788174
11.640000	-7.637253	18.797756
11.650000	-7.747269	18.805725
11.660000	-7.857389	18.812077
11.670000	-7.967590	18.816813
11.680000	-8.077849	18.819929
11.690000	-8.188142	18.821428
11.700000	-8.298445	18.821308
11.710000	-8.408734	18.819569
11.720000	-8.518987	18.816210
11.730000	-8.629179	18.811234
11.740000	-8.739287	18.804640
11.750000	-8.849288	18.796431
11.760000	-8.959157	18.786608
11.770000	-9.068871	18.775173
11.780000	-9.178408	18.762129
11.790000	-9.287743	18.747478
11.800000	-9.396852	18.731224
11.810000	-9.505714	18.713371
11.820000	-9.614305	18.693922
11.830000	-9.722600	18.672880
11.840000	-9.830577	18.650251
11.850000	-9.938213	18.626040
11.860000	-10.045485	18.600250
11.870000	-10.152370	18.572889
11.880000	-10.258845	18.543961
11.890000	-10.364887	18.513472
11.900000	-10.470474	18.481430
11.910000	-10.575583	18.447842
11.920000	-10.680192	18.412712
11.930000	-10.784278	18.376051
11.940000	-10.887818	18.337866
11.950000	-10.990791	18.298164
11.960000	-11.093175	18.256954
11.970000	-11.194947	18.214245
11.980000	-11.296086	18.170046
11.990000	-11.396571	18.124365
12.000000	-11.496380	18.077213
12.010000	-11.595491	18.028601
12.020000	-11.693884	17.978537
12.030000	-11.791536	17.927032
12.040000	-11.888428	17.874100
12.050000	-11.984538	17.819748
12.060000	-12.079846	17.763990
12.070000	-12.174332	17.706839
12.080000	-12.267975	17.648304
12.090000	-12.360755	17.588400
12.100000	-12.452653	17.527138
12.110000	-12.543649	17.464531
12.120000	-12.633722	17.400593
12.130000	-12.722855	17.335337
12.140000	-12.811027	17.268778
12.150000	-12.898220	17.200930
12.160000	-12.984415	17.131805
12.170000	-13.069594	17.061420
12.180000	-13.153739	16.989790
12.190000	-13.236831	16.916929
12.200000	-13.318852	16.842855
12.210000	-13.399786	16.767582
12.220000	-13.479614	16.691126
12.230000	-13.558320	16.613503
12.240000	-13.635886	16.534729
12.250000	-13.712296	16.454821
12.260000	-13.787535	16.373796
12.270000	-13.861585	16.291672
12.280000	-13.934430	16.208466
12.290000	-14.006055	16.124195
12.300000	-14.076445	16.038877
12.310000	-14.145584	15.952532
12.320000	-14.213458	15.865176
12.330000	-14.280052	15.776829
12.340000	-14.345351	15.687509
12.350000	-14.409343	15.597235
12.360000	-14.472012	15.506026
12.370000	-14.533345	15.413902
12.380000	-14.593330	15.320883
12.390000	-14.651954	15.226988
12.400000	-14.709203	15.132236
12.410000	-14.765065	15.036650
12.420000	-14.819529	14.940247
12.430000	-14.872581	14.843049
12.440000	-14.924212	14.745076
12.450000	-14.974411	14.646350
12.460000	-15.023166	14.546891
12.470000	-15.070466	14.446721
12.480000	-15.116302	14.345860
12.490000	-15.160663	14.244330
12.500000	-15.203540	14.142153
12.510000	-15.244924	14.039350
12.520000	-15.284805	13.935943
12.530000	-15.323175	13.831954
12.540000	-15.360026	13.727406
12.550000	-15.395350	13.622319
12.560000	-15.429140	13.516718
12.570000	-15.461387	13.410624
12.580000	-15.492085	13.304058
12.590000	-15.521226	13.197045
12.600000	-15.548805	13.089607
12.610000	-15.574817	12.981767
12.620000	-15.599254	12.873548
12.630000	-15.622111	12.764972
12.640000	-15.643385	12.656062
12.650000	-15.663069	12.546843
12.660000	-15.681159	12.437336
12.670000	-15.697652	12.327566
12.680000	-15.712543	12.217556
12.690000	-15.725831	12.107328
12.700000	-15.737511	11.996907
12.710000	-15.747581	11.886315
12.720000	-15.756038	11.775577
12.730000	-15.762880	11.664715
12.740000	-15.768107	11.553754
12.750000	-15.771717	11.442717
12.760000	-15.773708	11.331627
12.770000	-15.774081	11.220508
12.780000	-15.772835	11.109384
12.790000	-15.769969	10.998278
12.800000	-15.765485	10.887213
12.810000	-15.759383	10.776214
12.820000	-15.751665	10.665303
12.830000	-15.742332	10.554505
12.840000	-15.731384	10.443844
12.850000	-15.718826	10.333342
12.860000	-15.704659	10.223022
12.870000	-15.688887	10.112909
12.880000	-15.671511	10.003026
12.890000	-15.652535	9.893396
12.900000	-15.631966	9.784042
12.910000	-15.609804	9.674988
12.920000	-15.586056	9.566257
12.930000	-15.560726	9.457871
12.940000	-15.533820	9.349854
12.950000	-15.505342	9.242229
12.960000	-15.475300	9.135019
12.970000	-15.443699	9.028246
12.980000	-15.410545	8.921933
12.990000	-15.375846	8.816103
13.000000	-15.339608	8.710778
13.010000	-15.301840	8.605981
13.020000	-15.262548	8.501733
13.030000	-15.221743	8.398057
13.040000	-15.179430	8.294974
13.050000	-15.135620	8.192508
13.060000	-15.090322	8.090678
13.070000	-15.043546	7.989508
13.080000	-14.995299	7.889019
13.090000	-14.945595	7.789231
13.100000	-14.894441	7.690166
13.110000	-14.841849	7.591846
13.120000	-14.787830	7.494291
13.130000	-14.732396	7.397521
13.140000	-14.675558	7.301558
13.150000	-14.617328	7.206421
13.160000	-14.557717	7.112132
13.170000	-14.496739	7.018709
13.180000	-14.434406	6.926172
13.190000	-14.370732	6.834542
13.200000	-14.305730	6.743838
13.210000	-14.239412	6.654079
13.220000	-14.171794	6.565285
13.230000	-14.102889	6.477473
13.240000	-14.032712	6.390662
13.250000	-13.961278	6.304872
13.260000	-13.888601	6.220120
13.270000	-13.814697	6.136424
13.280000	-13.739582	6.053802
13.290000	-13.663271	5.972272
13.300000	-13.585780	5.891850
13.310000	-13.507126	5.812555
13.320000	-13.427324	5.734402
13.330000	-13.346393	5.657409
13.340000	-13.264348	5.581591
13.350000	-13.181207	5.506965
13.360000	-13.096988	5.433547
13.370000	-13.011707	5.361352
13.380000	-12.925385	5.290396
13.390000	-12.838037	5.220693
13.400000	-12.749682	5.152259
13.410000	-12.660341	5.085107
13.420000	-12.570031	5.019253
13.430000	-12.478771	4.954710
13.440000	-12.386580	4.891492
13.450000	-12.293478	4.829613
13.460000	-12.199484	4.769084
13.470000	-12.104618	4.709920
13.480000	-12.008901	4.652133
13.490000	-11.912352	4.595736
13.500000	-11.814991	4.540739
13.510000	-11.716839	4.487154
13.520000	-11.617917	4.434995
13.530000	-11.518246	4.384270
13.540000	-11.417846	4.334991
13.550000	-11.316738	4.287169
13.560000	-11.214945	4.240813
13.570000	-11.112487	4.195933
13.580000	-11.009386	4.152540
13.590000	-10.905664	4.110642
13.600000	-10.801343	4.070248
13.610000	-10.696445	4.031367
13.620000	-10.590990	3.994006
13.630000	-10.485003	3.958175
13.640000	-10.378505	3.923879
13.650000	-10.271519	3.891128
13.660000	-10.164066	3.859927
13.670000	-10.056171	3.830283
13.680000	-9.947856	3.802203
13.690000	-9.839143	3.775693
13.700000	-9.730055	3.750758
13.710000	-9.620616	3.727403
13.720000	-9.510848	3.705634
13.730000	-9.400775	3.685454
13.740000	-9.290420	3.666869
13.750000	-9.179805	3.649883
13.760000	-9.068954	3.634498
13.770000	-8.957892	3.620718
13.780000	-8.846642	3.608546
13.790000	-8.735225	3.597985
13.800000	-8.623666	3.589037
13.810000	-8.511989	3.581703
13.820000	-8.400217	3.575986
13.830000	-8.288374	3.571887
13.840000	-8.176483	3.569405
13.850000	-8.064569	3.568543
13.860000	-7.952653	3.569300
13.870000	-7.840760	3.571676
13.880000	-7.728914	3.575670
13.890000	-7.617138	3.581282
13.900000	-7.505456	3.588510
13.910000	-7.393892	3.597353
13.920000	-7.282468	3.607809
13.930000	-7.171208	3.619876
13.940000	-7.060137	3.633551
13.950000	-6.949276	3.648831
13.960000	-6.838650	3.665713
13.970000	-6.728282	3.684194
13.980000	-6.618195	3.704269
13.990000	-6.508412	3.725934
14.000000	-6.398957	3.749185
14.010000	-6.289853	3.774017
14.020000	-6.181121	3.800424
14.030000	-6.072787	3.828401
14.040000	-5.964871	3.857942
14.050000	-5.857398	3.889040
14.060000	-5.750390	3.921690
14.070000	-5.643868	3.955884
14.080000	-5.537857	3.991614
14.090000	-5.432377	4.028873
14.100000	-5.327452	4.067654
14.110000	-5.223103	4.107948
14.120000	-5.119352	4.149746
14.130000	-5.016222	4.193040
14.140000	-4.913733	4.237820
14.150000	-4.811909	4.284077
14.160000	-4.710769	4.331801
14.170000	-4.610335	4.380982
14.180000	-4.510629	4.431610
14.190000	-4.411671	4.483674
14.200000	-4.313483	4.537162
14.210000	-4.216084	4.592063
14.220000	-4.119496	4.648366
14.230000	-4.023739	4.706059
14.240000	-3.928833	4.765130
14.250000	-3.834798	4.825565
14.260000	-3.741653	4.887352
14.270000	-3.649419	4.950478
14.280000	-3.558115	5.014930
14.290000	-3.467759	5.080693
14.300000	-3.378372	5.147755
14.310000	-3.289971	5.216100
14.320000	-3.202576	5.285714
14.330000	-3.116205	5.356582
14.340000	-3.030875	5.428690
14.350000	-2.946606	5.502022
14.360000	-2.863414	5.576562
14.370000	-2.781317	5.652295
14.380000	-2.700333	5.729204
14.390000	-2.620478	5.807273
14.400000	-2.541769	5.886486
14.410000	-2.464223	5.966825
14.420000	-2.387856	6.048274
14.430000	-2.312684	6.130816
14.440000	-2.238723	6.214432
14.450000	-2.165989	6.299105
14.460000	-2.094496	6.384818
14.470000	-2.024260	6.471551
14.480000	-1.955295	6.559287
14.490000	-1.887616	6.648007
14.500000	-1.821237	6.737692
14.510000	-1.756173	6.828322
14.520000	-1.692436	6.919880
14.530000	-1.630040	7.012344
14.540000	-1.568998	7.105697
14.550000	-1.509323	7.199917
14.560000	-1.451027	7.294985
14.570000	-1.394123	7.390880
14.580000	-1.338623	7.487583
14.590000	-1.284538	7.585072
14.600000	-1.231879	7.683328
14.610000	-1.180657	7.782328
14.620000	-1.130884	7.882053
14.630000	-1.082569	7.982481
14.640000	-1.035723	8.083590
14.650000	-0.990356	8.185359
14.660000	-0.946476	8.287766
14.670000	-0.904094	8.390791
14.680000	-0.863217	8.494411
14.690000	-0.823854	8.598602
14.700000	-0.786014	8.703345
14.710000	-0.749705	8.808617
14.720000	-0.714933	8.914394
14.730000	-0.681707	9.020656
14.740000	-0.650033	9.127378
14.750000	-0.619917	9.234539
14.760000	-0.591366	9.342115
14.770000	-0.564386	9.450085
14.780000	-0.538983	9.558424
14.790000	-0.515160	9.667110
14.800000	-0.492924	9.776120
14.810000	-0.472279	9.885431
14.820000	-0.453230	9.995019
14.830000	-0.435779	10.104861
14.840000	-0.419931	10.214934
14.850000	-0.405688	10.325215
14.860000	-0.393054	10.435680
14.870000	-0.382032	10.546306
14.880000	-0.372622	10.657068
14.890000	-0.364828	10.767944
14.900000	-0.358650	10.878910
14.910000	-0.354090	10.989943
14.920000	-0.351149	11.101018
14.930000	-0.349826	11.212112
14.940000	-0.350123	11.323203
14.950000	-0.352039	11.434265
14.960000	-0.355572	11.545276
14.970000	-0.360723	11.656212
14.980000	-0.367491	11.767049
14.990000	-0.375873	11.877764
15.000000	-0.385867	11.988334
15.010000	-0.397471	12.098734
15.020000	-0.410684	12.208941
15.030000	-0.425500	12.318933
15.040000	-0.441918	12.428686
15.050000	-0.459934	12.538176
15.060000	-0.479544	12.647380
15.070000	-0.500742	12.756274
15.080000	-0.523526	12.864837
15.090000	-0.547889	12.973044
15.100000	-0.573826	13.080873
15.110000	-0.601332	13.188301
15.120000	-0.630401	13.295305
15.130000	-0.661026	13.401862
15.140000	-0.693200	13.507950
15.150000	-0.726917	13.613545
15.160000	-0.762169	13.718627
15.170000	-0.798949	13.823172
15.180000	-0.837249	13.927157
15.190000	-0.877060	14.030562
15.200000	-0.918373	14.133365
15.210000	-0.961180	14.235542
15.220000	-1.005472	14.337073
15.230000	-1.051239	14.437937
15.240000	-1.098470	14.538111
15.250000	-1.147156	14.637574
15.260000	-1.197287	14.736306
15.270000	-1.248851	14.834285
15.280000	-1.301838	14.931490
15.290000	-1.356236	15.027901
15.300000	-1.412032	15.123497
15.310000	-1.469216	15.218259
15.320000	-1.527775	15.312165
15.330000	-1.587696	15.405196
15.340000	-1.648967	15.497333
15.350000	-1.711573	15.588554
15.360000	-1.775503	15.678843
15.370000	-1.840741	15.768178
15.380000	-1.907275	15.856542
15.390000	-1.975089	15.943914
15.400000	-2.044169	16.030277
15.410000	-2.114500	16.115614
15.420000	-2.186068	16.199905
15.430000	-2.258856	16.283133
15.440000	-2.332850	16.365278
15.450000	-2.408032	16.446325
15.460000	-2.484388	16.526257
15.470000	-2.561901	16.605055
15.480000	-2.640554	16.682703
15.490000	-2.720330	16.759186
15.500000	-2.801212	16.834486
15.510000	-2.883183	16.908588
15.520000	-2.966225	16.981476
15.530000	-3.050320	17.053133
15.540000	-3.135451	17.123547
15.550000	-3.221599	17.192699
15.560000	-3.308746	17.260578
15.570000	-3.396873	17.327168
15.580000	-3.485960	17.392454
15.590000	-3.575990	17.456425
15.600000	-3.666943	17.519064
15.610000	-3.758799	17.580360
15.620000	-3.851538	17.640301
15.630000	-3.945141	17.698872
15.640000	-4.039588	17.756060
15.650000	-4.134858	17.811853
15.660000	-4.230931	17.866241
15.670000	-4.327787	17.919212
15.680000	-4.425404	17.970755
15.690000	-4.523762	18.020857
15.700000	-4.622840	18.069510
15.710000	-4.722616	18.116701
15.720000	-4.823070	18.162422
15.730000	-4.924179	18.206663
15.740000	-5.025922	18.249413
15.750000	-5.128278	18.290665
15.760000	-5.231224	18.330408
15.770000	-5.334738	18.368635
15.780000	-5.438798	18.405338
15.790000	-5.543383	18.440510
15.800000	-5.648468	18.474142
15.810000	-5.754034	18.506227
15.820000	-5.860055	18.536760
15.830000	-5.966510	18.565733
15.840000	-6.073377	18.593140
15.850000	-6.180631	18.618973
15.860000	-6.288250	18.643229
15.870000	-6.396212	18.665903
15.880000	-6.504493	18.686991
15.890000	-6.613070	18.706486
15.900000	-6.721919	18.724384
15.910000	-6.831018	18.740683
15.920000	-6.940343	18.755379
15.930000	-7.049870	18.768469
15.940000	-7.159577	18.779949
15.950000	-7.269440	18.789818
15.960000	-7.379435	18.798073
15.970000	-7.489538	18.804712
15.980000	-7.599727	18.809734
15.990000	-7.709977	18.813139
16.000000	-7.820265	18.814924
16.010000	-7.930568	18.815092
16.020000	-8.040862	18.813641
16.030001	-8.151123	18.810570
16.040001	-8.261328	18.805882
16.049999	-8.371452	18.799576
16.059999	-8.481474	18.791655
16.070000	-8.591368	18.782118
16.080000	-8.701112	18.770969
16.090000	-8.810681	18.758211
16.100000	-8.920053	18.743847
16.110001	-9.029205	18.727879
16.120001	-9.138113	18.710310
16.129999	-9.246753	18.691143
16.139999	-9.355102	18.670383
16.150000	-9.463137	18.648037
16.160000	-9.570835	18.624105
16.170000	-9.678173	18.598597
16.180000	-9.785129	18.571514
16.190001	-9.891678	18.542864
16.200001	-9.997799	18.512653
16.209999	-10.103468	18.480886
16.219999	-10.208663	18.447573
16.230000	-10.313362	18.412718
16.240000	-10.417542	18.376329
16.250000	-10.521181	18.338413
16.260000	-10.624257	18.298981
16.270000	-10.726748	18.258038
16.280001	-10.828630	18.215593
16.290001	-10.929884	18.171658
16.299999	-11.030487	18.126240
16.309999	-11.130418	18.079350
16.320000	-11.229654	18.030996
16.330000	-11.328176	17.981190
16.340000	-11.425961	17.929941
16.350000	-11.522990	17.877262
16.360001	-11.619241	17.823162
16.370001	-11.714693	17.767654
16.379999	-11.809326	17.710749
16.389999	-11.903121	17.652458
16.400000	-11.996057	17.592796
16.410000	-12.088113	17.531775
16.420000	-12.179270	17.469406
16.430000	-12.269508	17.405704
16.440001	-12.358809	17.340683
16.450001	-12.447154	17.274355
16.459999	-12.534523	17.206736
16.469999	-12.620897	17.137838
16.480000	-12.706259	17.067677
16.490000	-12.790588	16.996267
16.500000	-12.873869	16.923626
16.510000	-12.956082	16.849766
16.520000	-13.037210	16.774704
16.530001	-13.117236	16.698456
16.540001	-13.196143	16.621038
16.549999	-13.273913	16.542467
16.559999	-13.350531	16.462759
16.570000	-13.425979	16.381931
16.580000	-13.500240	16.300001
16.590000	-13.573301	16.216986
16.600000	-13.645144	16.132904
16.610001	-13.715755	16.047771
16.620001	-13.785118	15.961608
16.629999	-13.853218	15.874431
16.639999	-13.920040	15.786259
16.650000	-13.985571	15.697110
16.660000	-14.049796	15.607005
16.670000	-14.112701	15.515962
16.680000	-14.174273	15.424000
16.690001	-14.234499	15.331139
16.700001	-14.293365	15.237397
16.709999	-14.350860	15.142797
16.719999	-14.406969	15.047357
16.730000	-14.461682	14.951097
16.740000	-14.514987	14.854039
16.750000	-14.566872	14.756203
16.760000	-14.617326	14.657609
16.770000	-14.666338	14.558279
16.780001	-14.713898	14.458233
16.790001	-14.759995	14.357492
16.799999	-14.804619	14.256080
16.809999	-14.847760	14.154016
16.820000	-14.889410	14.051322
16.830000	-14.929560	13.948021
16.840000	-14.968200	13.844133
16.850000	-15.005322	13.739682
16.860001	-15.040917	13.634689
16.870001	-15.074980	13.529178
16.879999	-15.107502	13.423169
16.889999	-15.138475	13.316686
16.900000	-15.167894	13.209750
16.910000	-15.195752	13.102386
16.920000	-15.222043	12.994615
16.930000	-15.246760	12.886460
16.940001	-15.269899	12.777946
16.950001	-15.291455	12.669093
16.959999	-15.311422	12.559927
16.969999	-15.329797	12.450470
16.980000	-15.346575	12.340745
16.990000	-15.361752	12.230775
17.000000	-15.375325	12.120584
17.010000	-15.387291	12.010195
17.020000	-15.397648	11.899632
17.030001	-15.406392	11.788917
17.040001	-15.413523	11.678075
17.049999	-15.419038	11.567129
17.059999	-15.422935	11.456103
17.070000	-15.425215	11.345020
17.080000	-15.425876	11.233904
17.090000	-15.424917	11.122778
17.100000	-15.422339	11.011666
17.110001	-15.418143	10.900592
17.120001	-15.412329	10.789578
17.129999	-15.404898	10.678650
17.139999	-15.395851	10.567830
17.150000	-15.385191	10.457142
17.160000	-15.372919	10.346609
17.170000	-15.359038	10.236255
17.180000	-15.343551	10.126102
17.190001	-15.326460	10.016176
17.200001	-15.307769	9.906499
17.209999	-15.287482	9.797093
17.219999	-15.265604	9.687984
17.230000	-15.242138	9.579192
17.240000	-15.217090	9.470742
17.250000	-15.190463	9.362658
17.260000	-15.162265	9.254960
17.270000	-15.132501	9.147674
17.280001	-15.101176	9.040820
17.290001	-15.068298	8.934422
17.299999	-15.033874	8.828504
17.309999	-14.997910	8.723085
17.320000	-14.960413	8.618191
17.330000	-14.921392	8.513842
17.340000	-14.880856	8.410061
17.350000	-14.838811	8.306870
17.360001	-14.795267	8.204290
17.370001	-14.750233	8.102345
17.379999	-14.703718	8.001054
17.389999	-14.655733	7.900440
17.400000	-14.606287	7.800525
17.410000	-14.555390	7.701329
17.420000	-14.503054	7.602873
17.430000	-14.449287	7.505178
17.440001	-14.394104	7.408266
17.450001	-14.337514	7.312156
17.459999	-14.279530	7.216869
17.469999	-14.220163	7.122426
17.480000	-14.159428	7.028845
17.490000	-14.097335	6.936148
17.500000	-14.033897	6.844354
17.510000	-13.969130	6.753481
17.520000	-13.903045	6.663551
17.530001	-13.835656	6.574581
17.540001	-13.766979	6.486591
17.549999	-13.697027	6.399599
17.559999	-13.625815	6.313624
17.570000	-13.553358	6.228684
17.580000	-13.479671	6.144797
17.590000	-13.404769	6.061981
17.600000	-13.328669	5.980253
17.610001	-13.251386	5.899631
17.620001	-13.172936	5.820131
17.629999	-13.093337	5.741772
17.639999	-13.012605	5.664569
17.650000	-12.930756	5.588539
17.660000	-12.847808	5.513697
17.670000	-12.763779	5.440061
17.680000	-12.678685	5.367645
17.690001	-12.592546	5.296464
