0.000000	0.000000	0.000000
0.010000	0.000772	0.111108
0.020000	0.003086	0.222194
0.030000	0.006943	0.333237
0.040000	0.012342	0.444216
0.050000	0.019282	0.555109
0.060000	0.027762	0.665895
0.070000	0.037779	0.776553
0.080000	0.049332	0.887061
0.090000	0.062418	0.997398
0.100000	0.077036	1.107542
0.110000	0.093183	1.217473
0.120000	0.110854	1.327169
0.130000	0.130047	1.436609
0.140000	0.150759	1.545772
0.150000	0.172984	1.654637
0.160000	0.196719	1.763182
0.170000	0.221960	1.871387
0.180000	0.248701	1.979232
0.190000	0.276937	2.086694
0.200000	0.306663	2.193754
0.210000	0.337873	2.300391
0.220000	0.370560	2.406584
0.230000	0.404720	2.512313
0.240000	0.440344	2.617558
0.250000	0.477427	2.722297
0.260000	0.515961	2.826511
0.270000	0.555939	2.930180
0.280000	0.597353	3.033284
0.290000	0.640194	3.135803
0.300000	0.684455	3.237716
0.310000	0.730128	3.339006
0.320000	0.777203	3.439651
0.330000	0.825671	3.539633
0.340000	0.875523	3.638931
0.350000	0.926749	3.737528
0.360000	0.979340	3.835404
0.370000	1.033285	3.932540
0.380000	1.088573	4.028918
0.390000	1.145195	4.124518
0.400000	1.203139	4.219323
0.410000	1.262395	4.313314
0.420000	1.322950	4.406473
0.430000	1.384793	4.498782
0.440000	1.447912	4.590222
0.450000	1.512295	4.680778
0.460000	1.577929	4.770431
0.470000	1.644803	4.859163
0.480000	1.712902	4.946958
0.490000	1.782214	5.033799
0.500000	1.852725	5.119669
0.510000	1.924422	5.204551
0.520000	1.997291	5.288429
0.530000	2.071318	5.371288
0.540000	2.146489	5.453110
0.550000	2.222789	5.533880
0.560000	2.300203	5.613583
0.570000	2.378716	5.692203
0.580000	2.458314	5.769724
0.590000	2.538981	5.846133
0.600000	2.620702	5.921415
0.610000	2.703460	5.995553
0.620000	2.787240	6.068536
0.630000	2.872025	6.140347
0.640000	2.957799	6.210975
0.650000	3.044547	6.280405
0.660000	3.132250	6.348622
0.670000	3.220891	6.415616
0.680000	3.310455	6.481371
0.690000	3.400924	6.545877
0.700000	3.492279	6.609119
0.710000	3.584504	6.671087
0.720000	3.677582	6.731768
0.730000	3.771492	6.791150
0.740000	3.866219	6.849223
0.750000	3.961742	6.905974
0.760000	4.058044	6.961392
0.770000	4.155108	7.015469
0.780000	4.252913	7.068192
0.790000	4.351440	7.119552
0.800000	4.450671	7.169538
0.810000	4.550588	7.218141
0.820000	4.651169	7.265351
0.830000	4.752396	7.311161
0.840000	4.854250	7.355560
0.850000	4.956712	7.398540
0.860000	5.059759	7.440093
0.870000	5.163373	7.480210
0.880000	5.267536	7.518886
0.890000	5.372225	7.556110
0.900000	5.477420	7.591877
0.910000	5.583103	7.626179
0.920000	5.689253	7.659011
0.930000	5.795847	7.690365
0.940000	5.902866	7.720235
0.950000	6.010291	7.748617
0.960000	6.118099	7.775503
0.970000	6.226271	7.800890
0.980000	6.334784	7.824772
0.990000	6.443618	7.847145
1.000000	6.552752	7.868003
1.010000	6.662166	7.887344
1.020000	6.771839	7.905164
1.030000	6.881747	7.921459
1.040000	6.991871	7.936225
1.050000	7.102191	7.949461
1.060000	7.212683	7.961164
1.070000	7.323328	7.971331
1.080000	7.434103	7.979960
1.090000	7.544986	7.987050
1.100000	7.655958	7.992599
1.110000	7.766995	7.996606
1.120000	7.878078	7.999071
1.130000	7.989185	7.999993
1.140000	8.100293	7.999372
1.150000	8.211382	7.997207
1.160000	8.322431	7.993500
1.170000	8.433416	7.988251
1.180000	8.544318	7.981461
1.190000	8.655117	7.973131
1.200000	8.765788	7.963264
1.210000	8.876312	7.951860
1.220000	8.986666	7.938922
1.230000	9.096829	7.924454
1.240000	9.206783	7.908456
1.250000	9.316502	7.890933
1.260000	9.425967	7.871888
1.270000	9.535159	7.851324
1.280000	9.644053	7.829246
1.290000	9.752630	7.805657
1.300000	9.860870	7.780563
1.310000	9.968750	7.753968
1.320000	10.076252	7.725877
1.330000	10.183352	7.696296
1.340000	10.290030	7.665231
1.350000	10.396268	7.632686
1.360000	10.502043	7.598670
1.370000	10.607334	7.563188
1.380000	10.712125	7.526246
1.390000	10.816391	7.487853
1.400000	10.920113	7.448016
1.410000	11.023273	7.406742
1.420000	11.125849	7.364039
1.430000	11.227822	7.319915
1.440000	11.329175	7.274379
1.450000	11.429883	7.227441
1.460000	11.529930	7.179108
1.470000	11.629297	7.129390
1.480000	11.727962	7.078297
1.490000	11.825910	7.025839
1.500000	11.923119	6.972026
1.510000	12.019569	6.916868
1.520000	12.115246	6.860375
1.530000	12.210129	6.802559
1.540000	12.304201	6.743430
1.550000	12.397442	6.683002
1.560000	12.489834	6.621284
1.570000	12.581361	6.558287
1.580000	12.672003	6.494027
1.590000	12.761744	6.428514
1.600000	12.850567	6.361761
1.610000	12.938455	6.293780
1.620000	13.025389	6.224586
1.630000	13.111354	6.154191
1.640000	13.196333	6.082609
1.650000	13.280310	6.009853
1.660000	13.363267	5.935939
1.670000	13.445190	5.860879
1.680000	13.526065	5.784688
1.690000	13.605873	5.707380
1.700000	13.684599	5.628973
1.710000	13.762228	5.549480
1.720000	13.838745	5.468917
1.730000	13.914137	5.387299
1.740000	13.988387	5.304641
1.750000	14.061482	5.220961
1.760000	14.133410	5.136271
1.770000	14.204153	5.050593
1.780000	14.273699	4.963940
1.790000	14.342035	4.876329
1.800000	14.409147	4.787779
1.810000	14.475024	4.698304
1.820000	14.539653	4.607922
1.830000	14.603020	4.516651
1.840000	14.665112	4.424510
1.850000	14.725918	4.331515
1.860000	14.785427	4.237685
1.870000	14.843628	4.143038
1.880000	14.900507	4.047591
1.890000	14.956057	3.951364
1.900000	15.010264	3.854373
1.910000	15.063120	3.756640
1.920000	15.114613	3.658182
1.930000	15.164732	3.559019
1.940000	15.213470	3.459167
1.950000	15.260818	3.358650
1.960000	15.306763	3.257485
1.970000	15.351301	3.155690
1.980000	15.394419	3.053288
1.990000	15.436111	2.950297
2.000000	15.476369	2.846737
2.010000	15.515184	2.742627
2.020000	15.552550	2.637989
2.030000	15.588459	2.532842
2.040000	15.622905	2.427204
2.050000	15.655880	2.321100
2.060000	15.687378	2.214549
2.070000	15.717392	2.107570
2.080000	15.745919	2.000184
2.090000	15.772951	1.892413
2.100000	15.798485	1.784275
2.110000	15.822514	1.675794
2.120000	15.845033	1.566991
2.130000	15.866039	1.457881
2.140000	15.885529	1.348494
2.150000	15.903497	1.238846
2.160000	15.919940	1.128960
2.170000	15.934855	1.018856
2.180000	15.948240	0.908555
2.190000	15.960093	0.798078
2.200000	15.970409	0.687448
2.210000	15.979187	0.576685
2.220000	15.986427	0.465812
2.230000	15.992126	0.354848
2.240000	15.996284	0.243816
2.250000	15.998899	0.132735
2.260000	15.999971	0.021631
2.270000	15.999500	-0.089478
2.280000	15.997485	-0.200570
2.290000	15.993929	-0.311623
2.300000	15.988830	-0.422615
2.310000	15.982189	-0.533527
2.320000	15.974010	-0.644337
2.330000	15.964292	-0.755021
2.340000	15.953037	-0.865559
2.350000	15.940249	-0.975931
2.360000	15.925930	-1.086114
2.370000	15.910080	-1.196087
2.380000	15.892706	-1.305834
2.390000	15.873808	-1.415325
2.400000	15.853392	-1.524543
2.410000	15.831461	-1.633469
2.420000	15.808020	-1.742078
2.430000	15.783072	-1.850350
2.440000	15.756622	-1.958266
2.450000	15.728678	-2.065804
2.460000	15.699242	-2.172944
2.470000	15.668320	-2.279666
2.480000	15.635919	-2.385947
2.490000	15.602045	-2.491768
2.500000	15.566706	-2.597107
2.510000	15.529906	-2.701946
2.520000	15.491654	-2.806264
2.530000	15.451958	-2.910040
2.540000	15.410822	-3.013257
2.550000	15.368258	-3.115891
2.560000	15.324272	-3.217924
2.570000	15.278874	-3.319336
2.580000	15.232072	-3.420107
2.590000	15.183874	-3.520219
2.600000	15.134291	-3.619654
2.610000	15.083332	-3.718389
2.620000	15.031006	-3.816406
2.630000	14.977322	-3.913691
2.640000	14.922295	-4.010217
2.650000	14.865932	-4.105969
2.660000	14.808244	-4.200931
2.670000	14.749243	-4.295081
2.680000	14.688940	-4.388402
2.690000	14.627346	-4.480879
2.700000	14.564475	-4.572491
2.710000	14.500338	-4.663219
2.720000	14.434946	-4.753049
2.730000	14.368313	-4.841961
2.740000	14.300451	-4.929940
2.750000	14.231375	-5.016968
2.760000	14.161095	-5.103029
2.770000	14.089628	-5.188105
2.780000	14.016987	-5.272180
2.790000	13.943184	-5.355237
2.800000	13.868235	-5.437262
2.810000	13.792154	-5.518238
2.820000	13.714954	-5.598151
2.830000	13.636654	-5.676982
2.840000	13.557266	-5.754719
2.850000	13.476807	-5.831345
2.860000	13.395290	-5.906847
2.870000	13.312734	-5.981209
2.880000	13.229149	-6.054420
2.890000	13.144558	-6.126461
2.900000	13.058975	-6.197319
2.910000	12.972417	-6.266983
2.920000	12.884899	-6.335437
2.930000	12.796438	-6.402669
2.940000	12.707050	-6.468669
2.950000	12.616756	-6.533418
2.960000	12.525574	-6.596908
2.970000	12.433516	-6.659124
2.980000	12.340605	-6.720056
2.990000	12.246855	-6.779692
3.000000	12.152287	-6.838020
3.010000	12.056917	-6.895029
3.020000	11.960764	-6.950708
3.030000	11.863848	-7.005046
3.040000	11.766187	-7.058033
3.050000	11.667799	-7.109659
3.060000	11.568704	-7.159913
3.070000	11.468916	-7.208788
3.080000	11.368464	-7.256270
3.090000	11.267361	-7.302353
3.100000	11.165627	-7.347027
3.110000	11.063284	-7.390284
3.120000	10.960349	-7.432115
3.130000	10.856840	-7.472514
3.140000	10.752783	-7.511470
3.150000	10.648195	-7.548977
3.160000	10.543097	-7.585029
3.170000	10.437508	-7.619617
3.180000	10.331449	-7.652735
3.190000	10.224939	-7.684377
3.200000	10.118001	-7.714536
3.210000	10.010654	-7.743208
3.220000	9.902916	-7.770387
3.230000	9.794814	-7.796066
3.240000	9.686366	-7.820241
3.250000	9.577593	-7.842907
3.260000	9.468515	-7.864061
3.270000	9.359155	-7.883698
3.280000	9.249532	-7.901814
3.290000	9.139668	-7.918406
3.300000	9.029584	-7.933471
3.310000	8.919302	-7.947005
3.320000	8.808842	-7.959006
3.330000	8.698226	-7.969472
3.340000	8.587476	-7.978400
3.350000	8.476608	-7.985790
3.360000	8.365652	-7.991639
3.370000	8.254626	-7.995947
3.380000	8.143547	-7.998712
3.390000	8.032444	-7.999934
3.400000	7.921334	-7.999613
3.410000	7.810240	-7.997749
3.420000	7.699183	-7.994342
3.430000	7.588183	-7.989393
3.440000	7.477263	-7.982903
3.450000	7.366444	-7.974874
3.460000	7.255747	-7.965305
3.470000	7.145194	-7.954200
3.480000	7.034805	-7.941561
3.490000	6.924603	-7.927391
3.500000	6.814608	-7.911690
3.510000	6.704837	-7.894464
3.520000	6.595321	-7.875714
3.530000	6.486075	-7.855446
3.540000	6.377122	-7.833663
3.550000	6.268481	-7.810368
3.560000	6.160175	-7.785566
3.570000	6.052224	-7.759264
3.580000	5.944648	-7.731463
3.590000	5.837468	-7.702172
3.600000	5.730706	-7.671395
3.610000	5.624382	-7.639139
3.620000	5.518516	-7.605408
3.630000	5.413124	-7.570210
3.640000	5.308236	-7.533552
3.650000	5.203866	-7.495441
3.660000	5.100033	-7.455883
3.670000	4.996762	-7.414888
3.680000	4.894072	-7.372463
3.690000	4.791979	-7.328615
3.700000	4.690506	-7.283354
3.710000	4.589671	-7.236688
3.720000	4.489494	-7.188626
3.730000	4.389995	-7.139178
3.740000	4.291191	-7.088352
3.750000	4.193103	-7.036159
3.760000	4.095749	-6.982609
3.770000	3.999148	-6.927711
3.780000	3.903319	-6.871478
3.790000	3.808278	-6.813917
3.800000	3.714047	-6.755044
3.810000	3.620644	-6.694867
3.820000	3.528086	-6.633399
3.830000	3.436390	-6.570652
3.840000	3.345574	-6.506637
3.850000	3.255656	-6.441367
3.860000	3.166654	-6.374854
3.870000	3.078583	-6.307112
3.880000	2.991459	-6.238151
3.890000	2.905305	-6.167988
3.900000	2.820133	-6.096636
3.910000	2.735960	-6.024108
3.920000	2.652802	-5.950418
3.930000	2.570676	-5.875580
3.940000	2.489595	-5.799606
3.950000	2.409579	-5.722517
3.960000	2.330642	-5.644322
3.970000	2.252798	-5.565040
3.980000	2.176063	-5.484684
3.990000	2.100451	-5.403270
4.000000	2.025978	-5.320813
4.010000	1.952654	-5.237328
4.020000	1.880501	-5.152838
4.030000	1.809525	-5.067348
4.040000	1.739747	-4.980886
4.050000	1.671172	-4.893458
4.060000	1.603822	-4.805092
4.070000	1.537702	-4.715793
4.080000	1.472830	-4.625587
4.090000	1.409218	-4.534489
4.100000	1.346877	-4.442516
4.110000	1.285817	-4.349683
4.120000	1.226057	-4.256018
4.130000	1.167599	-4.161525
4.140000	1.110463	-4.066236
4.150000	1.054652	-3.970156
4.160000	1.000185	-3.873317
4.170000	0.947063	-3.775723
4.180000	0.895307	-3.677409
4.190000	0.844917	-3.578378
4.200000	0.795909	-3.478660
4.210000	0.748291	-3.378272
4.220000	0.702072	-3.277231
4.230000	0.657259	-3.175555
4.240000	0.613865	-3.073273
4.250000	0.571893	-2.970392
4.260000	0.531354	-2.866937
4.270000	0.492259	-2.762937
4.280000	0.454609	-2.658396
4.290000	0.418417	-2.553350
4.300000	0.383685	-2.447805
4.310000	0.350425	-2.341794
4.320000	0.318638	-2.235324
4.330000	0.288334	-2.128430
4.340000	0.259517	-2.021119
4.350000	0.232193	-1.913421
4.360000	0.206368	-1.805354
4.370000	0.182046	-1.696939
4.380000	0.159232	-1.588193
4.390000	0.137931	-1.479148
4.400000	0.118146	-1.369810
4.410000	0.099883	-1.260215
4.420000	0.083141	-1.150370
4.430000	0.067929	-1.040310
4.440000	0.054245	-0.930043
4.450000	0.042095	-0.819603
4.460000	0.031479	-0.708998
4.470000	0.022401	-0.598259
4.480000	0.014862	-0.487406
4.490000	0.008862	-0.376458
4.500000	0.004405	-0.265434
4.510000	0.001489	-0.154362
4.520000	0.000117	-0.043261
4.530000	0.000288	0.067849
4.540000	0.002002	0.178945
4.550000	0.005259	0.290011
4.560000	0.010057	0.401014
4.570000	0.016397	0.511946
4.580000	0.024277	0.622772
4.590000	0.033696	0.733486
4.600000	0.044651	0.844051
4.610000	0.057141	0.954460
4.620000	0.071163	1.064678
4.630000	0.086715	1.174698
4.640000	0.103793	1.284487
4.650000	0.122394	1.394029
4.660000	0.142514	1.503302
4.670000	0.164151	1.612288
4.680000	0.187298	1.720956
4.690000	0.211954	1.829300
4.700000	0.238110	1.937283
4.710000	0.265766	2.044900
4.720000	0.294911	2.152115
4.730000	0.325544	2.258923
4.740000	0.357656	2.365287
4.750000	0.391244	2.471202
4.760000	0.426301	2.576641
4.770000	0.462815	2.681575
4.780000	0.500786	2.786000
4.790000	0.540203	2.889883
4.800000	0.581058	2.993209
4.810000	0.623344	3.095957
4.820000	0.667055	3.198112
4.830000	0.712177	3.299643
4.840000	0.758708	3.400544
4.850000	0.806633	3.500782
4.860000	0.855949	3.600353
4.870000	0.906640	3.699221
4.880000	0.958702	3.797383
4.890000	1.012119	3.894806
4.900000	1.066887	3.991484
4.910000	1.122991	4.087389
4.920000	1.180421	4.182505
4.930000	1.239168	4.276815
4.940000	1.299220	4.370303
4.950000	1.360560	4.462941
4.960000	1.423186	4.554725
4.970000	1.487076	4.645624
4.980000	1.552227	4.735633
4.990000	1.618617	4.824722
5.000000	1.686242	4.912887
5.010000	1.755085	5.000104
5.020000	1.825129	5.086350
5.030000	1.896368	5.171622
5.040000	1.968780	5.255890
5.050000	2.042359	5.339150
5.060000	2.117084	5.421374
5.070000	2.192948	5.502558
5.080000	2.269930	5.582678
5.090000	2.348017	5.661721
5.100000	2.427194	5.739672
5.110000	2.507449	5.816518
5.120000	2.588758	5.892237
5.130000	2.671116	5.966825
5.140000	2.754497	6.040257
5.150000	2.838895	6.112528
5.160000	2.924284	6.183616
5.170000	3.010656	6.253515
5.180000	3.097986	6.322204
5.190000	3.186267	6.389677
5.200000	3.275474	6.455916
5.210000	3.365592	6.520909
5.220000	3.456604	6.584645
5.230000	3.548495	6.647112
5.240000	3.641239	6.708293
5.250000	3.734830	6.768185
5.260000	3.829244	6.826770
5.270000	3.924456	6.884035
5.280000	4.020460	6.939976
5.290000	4.117226	6.994574
5.300000	4.214746	7.047826
5.310000	4.312991	7.099716
5.320000	4.411954	7.150239
5.330000	4.511602	7.199380
5.340000	4.611930	7.247136
5.350000	4.712908	7.293492
5.360000	4.814519	7.338441
5.370000	4.916746	7.381974
5.380000	5.019570	7.424085
5.390000	5.122963	7.464761
5.400000	5.226917	7.504000
5.410000	5.331400	7.541789
5.420000	5.436404	7.578125
5.430000	5.541896	7.612997
5.440000	5.647869	7.646403
5.450000	5.754288	7.678332
5.460000	5.861148	7.708782
5.470000	5.968417	7.737743
5.480000	6.076077	7.765213
5.490000	6.184110	7.791183
5.500000	6.292491	7.815652
5.510000	6.401207	7.838614
5.520000	6.510227	7.860062
5.530000	6.619534	7.879994
5.540000	6.729108	7.898407
5.550000	6.838930	7.915297
5.560000	6.948969	7.930658
5.570000	7.059218	7.944490
5.580000	7.169641	7.956790
5.590000	7.280232	7.967555
5.600000	7.390954	7.976783
5.610000	7.501801	7.984472
5.620000	7.612737	7.990621
5.630000	7.723755	7.995229
5.640000	7.834823	7.998295
5.650000	7.945922	7.999817
5.660000	8.057032	7.999797
5.670000	8.168135	7.998233
5.680000	8.279197	7.995127
5.690000	8.390213	7.990478
5.700000	8.501147	7.984288
5.710000	8.611991	7.976557
5.720000	8.722710	7.967289
5.730000	8.833297	7.956483
5.740000	8.943715	7.944142
5.750000	9.053960	7.930269
5.760000	9.164001	7.914866
5.770000	9.273809	7.897937
5.780000	9.383379	7.879484
5.790000	9.492676	7.859511
5.800000	9.601691	7.838022
5.810000	9.710391	7.815022
5.820000	9.818768	7.790513
5.830000	9.926786	7.764502
5.840000	10.034440	7.736992
5.850000	10.141703	7.707990
5.860000	10.248544	7.677503
5.870000	10.354959	7.645533
5.880000	10.460919	7.612088
5.890000	10.566398	7.577177
5.900000	10.671389	7.540801
5.910000	10.775857	7.502974
5.920000	10.879797	7.463697
5.930000	10.983174	7.422983
5.940000	11.085983	7.380834
5.950000	11.188190	7.337264
5.960000	11.289789	7.292276
5.970000	11.390746	7.245884
5.980000	11.491056	7.198092
5.990000	11.590686	7.148914
6.000000	11.689631	7.098354
6.010000	11.787863	7.046424
6.020000	11.885357	6.993140
6.030000	11.982109	6.938502
6.040000	12.078087	6.882529
6.050000	12.173284	6.825226
6.060000	12.267670	6.766609
6.070000	12.361238	6.706684
6.080000	12.453959	6.645468
6.090000	12.545828	6.582967
6.100000	12.636813	6.519200
6.110000	12.726910	6.454171
6.120000	12.816090	6.387901
6.130000	12.904346	6.320395
6.140000	12.991655	6.251670
6.150000	13.077997	6.181743
6.160000	13.163364	6.110620
6.170000	13.247736	6.038317
6.180000	13.331089	5.964854
6.190000	13.413420	5.890236
6.200000	13.494701	5.814487
6.210000	13.574928	5.737611
6.220000	13.654074	5.659634
6.230000	13.732134	5.580559
6.240000	13.809084	5.500413
6.250000	13.884918	5.419201
6.260000	13.959617	5.336944
6.270000	14.033161	5.253663
6.280000	14.105547	5.169362
6.290000	14.176749	5.084070
6.300000	14.246765	4.997792
6.310000	14.315572	4.910555
6.320000	14.383165	4.822365
6.330000	14.449522	4.733252
6.340000	14.514639	4.643219
6.350000	14.578495	4.552296
6.360000	14.641087	4.460489
6.370000	14.702394	4.367828
6.380000	14.762411	4.274318
6.390000	14.821120	4.179990
6.400000	14.878518	4.084849
6.410000	14.934588	3.988920
6.420000	14.989317	3.892229
6.430000	15.042702	3.794780
6.440000	15.094728	3.696598
6.450000	15.145382	3.597711
6.460000	15.194660	3.498123
6.470000	15.242548	3.397866
6.480000	15.289042	3.296948
6.490000	15.334127	3.195400
6.500000	15.377800	3.093230
6.510000	15.420050	2.990462
6.520000	15.460865	2.887124
6.530000	15.500244	2.783223
6.540000	15.538175	2.678792
6.550000	15.574653	2.573837
6.560000	15.609667	2.468392
6.570000	15.643217	2.362465
6.580000	15.675289	2.256088
6.590000	15.705883	2.149270
6.600000	15.734989	2.042044
6.610000	15.762605	1.934417
6.620000	15.788721	1.826424
6.630000	15.813337	1.718071
6.640000	15.836444	1.609394
6.650000	15.858040	1.500400
6.660000	15.878120	1.391123
6.670000	15.896681	1.281571
6.680000	15.913718	1.171779
6.690000	15.929230	1.061753
6.700000	15.943211	0.951523
6.710000	15.955660	0.841117
6.720000	15.966575	0.730540
6.730000	15.975952	0.619823
6.740000	15.983791	0.508994
6.750000	15.990091	0.398059
6.760000	15.994848	0.287048
6.770000	15.998064	0.175988
6.780000	15.999737	0.064887
6.790000	15.999866	-0.046219
6.800000	15.998453	-0.157323
6.810000	15.995497	-0.268390
6.820000	15.990997	-0.379413
6.830000	15.984958	-0.490354
6.840000	15.977377	-0.601209
6.850000	15.968258	-0.711940
6.860000	15.957602	-0.822541
6.870000	15.945411	-0.932977
6.880000	15.931686	-1.043239
6.890000	15.916433	-1.153293
6.900000	15.899652	-1.263132
6.910000	15.881348	-1.372720
6.920000	15.861522	-1.482051
6.930000	15.840181	-1.591088
6.940000	15.817327	-1.699826
6.950000	15.792965	-1.808228
6.960000	15.767099	-1.916289
6.970000	15.739735	-2.023981
6.980000	15.710880	-2.131274
6.990000	15.680535	-2.238164
7.000000	15.648711	-2.344615
7.010000	15.615410	-2.450620
7.020000	15.580639	-2.556154
7.030000	15.544408	-2.661186
7.040000	15.506720	-2.765713
7.050000	15.467583	-2.869706
7.060000	15.427008	-2.973138
7.070000	15.384998	-3.076004
7.080000	15.341566	-3.178270
7.090000	15.296717	-3.279929
7.100000	15.250462	-3.380949
7.110000	15.202805	-3.481324
7.120000	15.153761	-3.581020
7.130000	15.103334	-3.680032
7.140000	15.051542	-3.778328
7.150000	14.998384	-3.875901
7.160000	14.943882	-3.972720
7.170000	14.888035	-4.068780
7.180000	14.830864	-4.164048
7.190000	14.772371	-4.258519
7.200000	14.712576	-4.352162
7.210000	14.651482	-4.444973
7.220000	14.589109	-4.536919
7.230000	14.525461	-4.627997
7.240000	14.460559	-4.718175
7.250000	14.394405	-4.807450
7.260000	14.327019	-4.895798
7.270000	14.258416	-4.983195
7.280000	14.188601	-5.069636
7.290000	14.117593	-5.155100
7.300000	14.045410	-5.239563
7.310000	13.972055	-5.323022
7.320000	13.897549	-5.405454
7.330000	13.821909	-5.486837
7.340000	13.745141	-5.567167
7.350000	13.667271	-5.646419
7.360000	13.588302	-5.724586
7.370000	13.508261	-5.801643
7.380000	13.427151	-5.877587
7.390000	13.344999	-5.952393
7.400000	13.261812	-6.026054
7.410000	13.177616	-6.098549
7.420000	13.092415	-6.169872
7.430000	13.006237	-6.240000
7.440000	12.919087	-6.308928
7.450000	12.830996	-6.376636
7.460000	12.741964	-6.443118
7.470000	12.652025	-6.508353
7.480000	12.561184	-6.572336
7.490000	12.469467	-6.635048
7.500000	12.376883	-6.696484
7.510000	12.283455	-6.756628
7.520000	12.189206	-6.815464
7.530000	12.094143	-6.872990
7.540000	11.998297	-6.929186
7.550000	11.901672	-6.984050
7.560000	11.804302	-7.037562
7.570000	11.706191	-7.089721
7.580000	11.607366	-7.140512
7.590000	11.507851	-7.189922
7.600000	11.407653	-7.237949
7.610000	11.306797	-7.284579
7.620000	11.205311	-7.329801
7.630000	11.103199	-7.373612
7.640000	11.000496	-7.415998
7.650000	10.897206	-7.456956
7.660000	10.793365	-7.496473
7.670000	10.688978	-7.534547
7.680000	10.584080	-7.571165
7.690000	10.478676	-7.606324
7.700000	10.372801	-7.640014
7.710000	10.266460	-7.672233
7.720000	10.159691	-7.702969
7.730000	10.052497	-7.732222
7.740000	9.944915	-7.759981
7.750000	9.836950	-7.786245
7.760000	9.728630	-7.811007
7.770000	9.619986	-7.834261
7.780000	9.511020	-7.856005
7.790000	9.401771	-7.876233
7.800000	9.292244	-7.894942
7.810000	9.182475	-7.912127
7.820000	9.072470	-7.927787
7.830000	8.962266	-7.941917
7.840000	8.851870	-7.954515
7.850000	8.741308	-7.965580
7.860000	8.630611	-7.975107
7.870000	8.519785	-7.983096
7.880000	8.408859	-7.989545
7.890000	8.297861	-7.994453
7.900000	8.186799	-7.997819
7.910000	8.075707	-7.999642
7.920000	7.964594	-7.999922
7.930000	7.853496	-7.998658
7.940000	7.742417	-7.995852
7.950000	7.631397	-7.991504
7.960000	7.520439	-7.985613
7.970000	7.409582	-7.978183
7.980000	7.298831	-7.969213
7.990000	7.188223	-7.958707
8.000000	7.077764	-7.946665
8.010000	6.967483	-7.933089
8.020000	6.857400	-7.917984
8.030000	6.747554	-7.901353
8.040000	6.637934	-7.883196
8.050000	6.528577	-7.863518
8.060000	6.419503	-7.842323
8.070000	6.310750	-7.819619
8.080000	6.202307	-7.795403
8.090000	6.094211	-7.769683
8.100000	5.986483	-7.742464
8.110000	5.879150	-7.713754
8.120000	5.772227	-7.683556
8.130000	5.665726	-7.651873
8.140000	5.559675	-7.618715
8.150000	5.454103	-7.584089
8.160000	5.349014	-7.547998
8.170000	5.244436	-7.510451
8.180000	5.140398	-7.471457
8.190000	5.036910	-7.431023
8.200000	4.933988	-7.389152
8.210000	4.831656	-7.345856
8.220000	4.729937	-7.301143
8.230000	4.628861	-7.255027
8.240000	4.528422	-7.207506
8.250000	4.428653	-7.158595
8.260000	4.329573	-7.108303
8.270000	4.231200	-7.056639
8.280000	4.133569	-7.003621
8.290000	4.036669	-6.949245
8.300000	3.940534	-6.893529
8.310000	3.845182	-6.836483
8.320000	3.750645	-6.778125
8.330000	3.656915	-6.718453
8.340000	3.564022	-6.657485
8.350000	3.471985	-6.595232
8.360000	3.380834	-6.531715
8.370000	3.290561	-6.466930
8.380000	3.201197	-6.400898
8.390000	3.112759	-6.333631
8.400000	3.025269	-6.265146
8.410000	2.938733	-6.195448
8.420000	2.853179	-6.124560
8.430000	2.768613	-6.052486
8.440000	2.685061	-5.979249
8.450000	2.602529	-5.904854
8.460000	2.521038	-5.829320
8.470000	2.440609	-5.752666
8.480000	2.361252	-5.674903
8.490000	2.282979	-5.596040
8.500000	2.205807	-5.516097
8.510000	2.129754	-5.435091
8.520000	2.054832	-5.353035
8.530000	1.981069	-5.269958
8.540000	1.908455	-5.185854
8.550000	1.837017	-5.100749
8.560000	1.766768	-5.014660
8.570000	1.697731	-4.927616
8.580000	1.629900	-4.839610
8.590000	1.563297	-4.750669
8.600000	1.497937	-4.660812
8.610000	1.433839	-4.570069
8.620000	1.370999	-4.478432
8.630000	1.309439	-4.385931
8.640000	1.249168	-4.292583
8.650000	1.190204	-4.198414
8.660000	1.132554	-4.103436
8.670000	1.076224	-4.007659
8.680000	1.021230	-3.911109
8.690000	0.967586	-3.813811
8.700000	0.915295	-3.715771
8.710000	0.864374	-3.617021
8.720000	0.814826	-3.517566
8.730000	0.766667	-3.417440
8.740000	0.719901	-3.316648
8.750000	0.674538	-3.215215
8.760000	0.630589	-3.113163
8.770000	0.588065	-3.010517
8.780000	0.546969	-2.907290
8.790000	0.507309	-2.803496
8.800000	0.469095	-2.699160
8.810000	0.432333	-2.594304
8.820000	0.397036	-2.488962
8.830000	0.363200	-2.383126
8.840000	0.330838	-2.276829
8.850000	0.299955	-2.170094
8.860000	0.270561	-2.062954
8.870000	0.242655	-1.955402
8.880000	0.216245	-1.847473
8.890000	0.191336	-1.739187
8.900000	0.167937	-1.630581
8.910000	0.146046	-1.521645
8.920000	0.125669	-1.412416
8.930000	0.106812	-1.302914
8.940000	0.089478	-1.193168
8.950000	0.073671	-1.083192
8.960000	0.059391	-0.973000
8.970000	0.046643	-0.862620
8.980000	0.035430	-0.752082
8.990000	0.025753	-0.641390
9.000000	0.017614	-0.530575
9.010000	0.011015	-0.419665
9.020000	0.005957	-0.308667
9.030000	0.002441	-0.197617
9.040000	0.000468	-0.086520
9.050000	-0.000038	0.024592
9.060000	-0.001151	0.135693
9.070000	-0.003807	0.246767
9.080000	-0.008005	0.357801
9.090000	-0.013746	0.468766
9.100000	-0.021027	0.579641
9.110000	-0.029846	0.690389
9.120000	-0.040203	0.801019
9.130000	-0.052096	0.911494
9.140000	-0.065522	1.021794
9.150000	-0.080477	1.131881
9.160000	-0.096961	1.241765
9.170000	-0.114970	1.351409
9.180000	-0.134501	1.460793
9.190000	-0.155545	1.569880
9.200000	-0.178105	1.678679
9.210000	-0.202175	1.787155
9.220000	-0.227748	1.895285
9.230000	-0.254819	2.003043
9.240000	-0.283385	2.110414
9.250000	-0.313440	2.217386
9.260000	-0.344978	2.323929
9.270000	-0.377994	2.430025
9.280000	-0.412477	2.535644
9.290000	-0.448426	2.640781
9.300000	-0.485829	2.745402
9.310000	-0.524684	2.849501
9.320000	-0.564979	2.953043
9.330000	-0.606710	3.056022
9.340000	-0.649868	3.158412
9.350000	-0.694441	3.260185
9.360000	-0.740423	3.361329
9.370000	-0.787808	3.461833
9.380000	-0.836585	3.561668
9.390000	-0.886743	3.660816
9.400000	-0.938266	3.759244
9.410000	-0.991159	3.856961
9.420000	-1.045404	3.953934
9.430000	-1.100990	4.050144
9.440000	-1.157900	4.145560
9.450000	-1.216137	4.240189
9.460000	-1.275683	4.334000
9.470000	-1.336526	4.426975
9.480000	-1.398645	4.519084
9.490000	-1.462047	4.610333
9.500000	-1.526710	4.700693
9.510000	-1.592622	4.790147
9.520000	-1.659770	4.878676
9.530000	-1.728136	4.966258
9.540000	-1.797711	5.052882
9.550000	-1.868488	5.138537
9.560000	-1.940448	5.223201
9.570000	-2.013572	5.306852
9.580000	-2.087856	5.389485
9.590000	-2.163275	5.471073
9.600000	-2.239824	5.551610
9.610000	-2.317481	5.631072
9.620000	-2.396238	5.709453
9.630000	-2.476076	5.786732
9.640000	-2.556980	5.862895
9.650000	-2.638923	5.937916
9.660000	-2.721910	6.011803
9.670000	-2.805917	6.084529
9.680000	-2.890925	6.156083
9.690000	-2.976907	6.226439
9.700000	-3.063869	6.295603
9.710000	-3.151784	6.363553
9.720000	-3.240635	6.430275
9.730000	-3.330390	6.495749
9.740000	-3.421060	6.559978
9.750000	-3.512612	6.622941
9.760000	-3.605030	6.684627
9.770000	-3.698296	6.745023
9.780000	-3.792378	6.804111
9.790000	-3.887286	6.861893
9.800000	-3.982986	6.918353
9.810000	-4.079462	6.973477
9.820000	-4.176687	7.027252
9.830000	-4.274650	7.079672
9.840000	-4.373338	7.130731
9.850000	-4.472725	7.180413
9.860000	-4.572786	7.228707
9.870000	-4.673515	7.275610
9.880000	-4.774886	7.321109
9.890000	-4.876872	7.365193
9.900000	-4.979461	7.407856
9.910000	-5.082639	7.449094
9.920000	-5.186379	7.488894
9.930000	-5.290663	7.527250
9.940000	-5.395455	7.564148
9.950000	-5.500763	7.599593
9.960000	-5.606554	7.633572
9.970000	-5.712807	7.666078
9.980000	-5.819486	7.697101
9.990000	-5.926600	7.726643
10.000000	-6.034114	7.754695
10.010000	-6.142008	7.781251
10.020000	-6.250260	7.806306
10.030000	-6.358834	7.829852
10.040000	-6.467741	7.851890
10.050000	-6.576942	7.872414
10.060000	-6.686419	7.891419
10.070000	-6.796133	7.908900
10.080000	-6.906095	7.924858
10.090000	-7.016267	7.939287
10.100000	-7.126630	7.952184
10.110000	-7.237154	7.963546
10.120000	-7.347824	7.973372
10.130000	-7.458628	7.981661
10.140000	-7.569537	7.988410
10.150000	-7.680521	7.993618
10.160000	-7.791574	7.997284
10.170000	-7.902667	7.999408
10.180000	-8.013771	7.999988
10.190000	-8.124873	7.999025
10.200000	-8.235958	7.996520
10.210000	-8.346998	7.992471
10.220000	-8.457972	7.986881
10.230000	-8.568841	7.979751
10.240000	-8.679615	7.971080
10.250000	-8.790259	7.960873
10.260000	-8.900750	7.949129
10.270000	-9.011068	7.935852
10.280000	-9.121175	7.921046
10.290000	-9.231081	7.904710
10.300000	-9.340750	7.886849
10.310000	-9.450160	7.867467
10.320000	-9.559276	7.846570
10.330000	-9.668105	7.824157
10.340000	-9.776613	7.800234
10.350000	-9.884778	7.774806
10.360000	-9.992564	7.747883
10.370000	-10.099981	7.719461
10.380000	-10.206993	7.689550
10.390000	-10.313580	7.658155
10.400000	-10.419712	7.625286
10.410000	-10.525386	7.590944
10.420000	-10.630565	7.555139
10.430000	-10.735243	7.517875
10.440000	-10.839387	7.479163
10.450000	-10.942990	7.439006
10.460000	-11.046026	7.397414
10.470000	-11.148466	7.354397
10.480000	-11.250300	7.309962
10.490000	-11.351514	7.264114
10.500000	-11.452081	7.216865
10.510000	-11.551982	7.168223
10.520000	-11.651197	7.118199
10.530000	-11.749696	7.066808
10.540000	-11.847485	7.014048
10.550000	-11.944530	6.959934
10.560000	-12.040815	6.904478
10.570000	-12.136308	6.847697
10.580000	-12.231016	6.789588
10.590000	-12.324907	6.730169
10.600000	-12.417965	6.669452
10.610000	-12.510157	6.607457
10.620000	-12.601492	6.544178
10.630000	-12.691939	6.479638
10.640000	-12.781482	6.413847
10.650000	-12.870095	6.346824
10.660000	-12.957769	6.278576
10.670000	-13.044495	6.209113
10.680000	-13.130245	6.138452
10.690000	-13.215000	6.066611
10.700000	-13.298756	5.993596
10.710000	-13.381483	5.919429
10.720000	-13.463179	5.844115
10.730000	-13.543814	5.767679
10.740000	-13.623386	5.690126
10.750000	-13.701873	5.611475
10.760000	-13.779260	5.531741
10.770000	-13.855527	5.450945
10.780000	-13.930664	5.369099
10.790000	-14.004663	5.286211
10.800000	-14.077503	5.202303
10.810000	-14.149172	5.117391
10.820000	-14.219643	5.031505
10.830000	-14.288925	4.944635
10.840000	-14.356995	4.856812
10.850000	-14.423836	4.768053
10.860000	-14.489431	4.678385
10.870000	-14.553782	4.587803
10.880000	-14.616869	4.496336
10.890000	-14.678680	4.404002
10.900000	-14.739195	4.310830
10.910000	-14.798417	4.216815
10.920000	-14.856328	4.121985
10.930000	-14.912916	4.026361
10.940000	-14.968167	3.929967
10.950000	-15.022075	3.832815
10.960000	-15.074631	3.734916
10.970000	-15.125822	3.636298
10.980000	-15.175635	3.536984
10.990000	-15.224068	3.436982
11.000000	-15.271104	3.336323
11.010000	-15.316740	3.235014
11.020000	-15.360966	3.133080
11.030000	-15.403767	3.030550
11.040000	-15.445144	2.927428
11.050000	-15.485085	2.823741
11.060000	-15.523579	2.719516
11.070000	-15.560621	2.614767
11.080000	-15.596209	2.509506
11.090000	-15.630329	2.403762
11.100000	-15.662979	2.297553
11.110000	-15.694146	2.190916
11.120000	-15.723833	2.083842
11.130000	-15.752031	1.976366
11.140000	-15.778732	1.868508
11.150000	-15.803930	1.760305
11.160000	-15.827626	1.651747
11.170000	-15.849812	1.542871
11.180000	-15.870483	1.433697
11.190000	-15.889634	1.324262
11.200000	-15.907266	1.214556
11.210000	-15.923372	1.104616
11.220000	-15.937950	0.994463
11.230000	-15.950994	0.884125
11.240000	-15.962507	0.773617
11.250000	-15.972484	0.662953
11.260000	-15.980923	0.552160
11.270000	-15.987822	0.441261
11.280000	-15.993179	0.330284
11.290000	-15.996996	0.219236
11.300000	-15.999269	0.108153
11.310000	-16.000000	-0.002958
11.320000	-15.999187	-0.114061
11.330000	-15.996831	-0.225150
11.340000	-15.992933	-0.336195
11.350000	-15.987493	-0.447168
11.360000	-15.980513	-0.558054
11.370000	-15.971992	-0.668840
11.380000	-15.961933	-0.779498
11.390000	-15.950338	-0.890005
11.400000	-15.937213	-1.000325
11.410000	-15.922554	-1.110468
11.420000	-15.906366	-1.220396
11.430000	-15.888655	-1.330088
11.440000	-15.869423	-1.439510
11.450000	-15.848671	-1.548668
11.460000	-15.826405	-1.657528
11.470000	-15.802628	-1.766068
11.480000	-15.777350	-1.874252
11.490000	-15.750568	-1.982090
11.500000	-15.722292	-2.089546
11.510000	-15.692526	-2.196598
11.520000	-15.661276	-2.303226
11.530000	-15.628552	-2.409396
11.540000	-15.594353	-2.515116
11.550000	-15.558688	-2.620350
11.560000	-15.521565	-2.725079
11.570000	-15.482997	-2.829268
11.580000	-15.442980	-2.932925
11.590000	-15.401527	-3.036017
11.600000	-15.358646	-3.138523
11.610000	-15.314352	-3.240410
11.620000	-15.268641	-3.341685
11.630000	-15.221527	-3.442316
11.640000	-15.173021	-3.542283
11.650000	-15.123131	-3.641566
11.660000	-15.071874	-3.740134
11.670000	-15.019245	-3.837993
11.680000	-14.965263	-3.935112
11.690000	-14.909937	-4.031472
11.700000	-14.853278	-4.127055
11.710000	-14.795305	-4.221828
11.720000	-14.736013	-4.315800
11.730000	-14.675422	-4.408939
11.740000	-14.613543	-4.501228
11.750000	-14.550388	-4.592649
11.760000	-14.485970	-4.683183
11.770000	-14.420309	-4.772802
11.780000	-14.353401	-4.861512
11.790000	-14.285267	-4.949285
11.800000	-14.215921	-5.036103
11.810000	-14.145375	-5.121949
11.820000	-14.073654	-5.206796
11.830000	-14.000752	-5.290649
11.840000	-13.926693	-5.373483
11.850000	-13.851489	-5.455280
11.860000	-13.775167	-5.536013
11.870000	-13.697721	-5.615689
11.880000	-13.619177	-5.694283
11.890000	-13.539547	-5.771778
11.900000	-13.458860	-5.848148
11.910000	-13.377110	-5.923402
11.920000	-13.294322	-5.997512
11.930000	-13.210512	-6.070466
11.940000	-13.125710	-6.142239
11.950000	-13.039907	-6.212837
11.960000	-12.953132	-6.282236
11.970000	-12.865400	-6.350423
11.980000	-12.776743	-6.417377
11.990000	-12.687153	-6.483101
12.000000	-12.596657	-6.547575
12.010000	-12.505276	-6.610786
12.020000	-12.413025	-6.672721
12.030000	-12.319935	-6.733362
12.040000	-12.226000	-6.792711
12.050000	-12.131249	-6.850750
12.060000	-12.035702	-6.907468
12.070000	-11.939389	-6.962845
12.080000	-11.842302	-7.016887
12.090000	-11.744475	-7.069576
12.100000	-11.645926	-7.120901
12.110000	-11.546687	-7.170845
12.120000	-11.446750	-7.219412
12.130000	-11.346148	-7.266587
12.140000	-11.244901	-7.312361
12.150000	-11.143042	-7.356718
12.160000	-11.040562	-7.399661
12.170000	-10.937495	-7.441177
12.180000	-10.833862	-7.481258
12.190000	-10.729697	-7.519890
12.200000	-10.624991	-7.557077
12.210000	-10.519779	-7.592807
12.220000	-10.414081	-7.627071
12.230000	-10.307917	-7.659864
12.240000	-10.201322	-7.691176
12.250000	-10.094288	-7.721008
12.260000	-9.986849	-7.749350
12.270000	-9.879028	-7.776198
12.280000	-9.770844	-7.801546
12.290000	-9.662319	-7.825388
12.300000	-9.553488	-7.847718
12.310000	-9.444342	-7.868537
12.320000	-9.334917	-7.887838
12.330000	-9.225236	-7.905618
12.340000	-9.115317	-7.921873
12.350000	-9.005199	-7.936597
12.360000	-8.894872	-7.949793
12.370000	-8.784372	-7.961455
12.380000	-8.673720	-7.971581
12.390000	-8.562940	-7.980169
12.400000	-8.452065	-7.987217
12.410000	-8.341088	-7.992725
12.420000	-8.230045	-7.996692
12.430000	-8.118958	-7.999115
12.440000	-8.007863	-7.999996
12.450000	-7.896751	-7.999334
12.460000	-7.785660	-7.997128
12.470000	-7.674609	-7.993380
12.480000	-7.563637	-7.988091
12.490000	-7.452734	-7.981259
12.500000	-7.341936	-7.972888
12.510000	-7.231265	-7.962980
12.520000	-7.120742	-7.951535
12.530000	-7.010404	-7.938558
12.540000	-6.900242	-7.924048
12.550000	-6.790292	-7.908009
12.560000	-6.680575	-7.890445
12.570000	-6.571128	-7.871361
12.580000	-6.461942	-7.850757
12.590000	-6.353052	-7.828638
12.600000	-6.244480	-7.805008
12.610000	-6.136262	-7.779877
12.620000	-6.028388	-7.753241
12.630000	-5.920895	-7.725110
12.640000	-5.813802	-7.695488
12.650000	-5.707146	-7.664386
12.660000	-5.600917	-7.631802
12.670000	-5.495152	-7.597745
12.680000	-5.389869	-7.562223
12.690000	-5.285105	-7.525247
12.700000	-5.180849	-7.486814
12.710000	-5.077138	-7.446938
12.720000	-4.973990	-7.405624
12.730000	-4.871440	-7.362888
12.740000	-4.769480	-7.318725
12.750000	-4.668143	-7.273151
12.760000	-4.567449	-7.226174
12.770000	-4.467416	-7.177803
12.780000	-4.368079	-7.128054
12.790000	-4.269428	-7.076923
12.800000	-4.171498	-7.024427
12.810000	-4.074306	-6.970576
12.820000	-3.977871	-6.915380
12.830000	-3.882226	-6.858858
12.840000	-3.787361	-6.801005
12.850000	-3.693309	-6.741840
12.860000	-3.600088	-6.681375
12.870000	-3.507716	-6.619621
12.880000	-3.416210	-6.556590
12.890000	-3.325601	-6.492302
12.900000	-3.235881	-6.426754
12.910000	-3.147080	-6.359966
12.920000	-3.059216	-6.291951
12.930000	-2.972304	-6.222722
12.940000	-2.886374	-6.152303
12.950000	-2.801419	-6.080687
12.960000	-2.717466	-6.007898
12.970000	-2.634533	-5.933950
12.980000	-2.552646	-5.858868
12.990000	-2.471798	-5.782645
13.000000	-2.392017	-5.705307
13.010000	-2.313318	-5.626868
13.020000	-2.235715	-5.547344
13.030000	-2.159235	-5.466761
13.040000	-2.083872	-5.385112
13.050000	-2.009649	-5.302424
13.060000	-1.936583	-5.218713
13.070000	-1.864695	-5.134007
13.080000	-1.793982	-5.048300
13.090000	-1.724465	-4.961618
13.100000	-1.656159	-4.873980
13.110000	-1.589086	-4.785413
13.120000	-1.523240	-4.695911
13.130000	-1.458644	-4.605504
13.140000	-1.395310	-4.514207
13.150000	-1.333258	-4.422053
13.160000	-1.272484	-4.329033
13.170000	-1.213007	-4.235178
13.180000	-1.154840	-4.140506
13.190000	-1.098001	-4.045048
13.200000	-1.042486	-3.948797
13.210000	-0.988313	-3.851784
13.220000	-0.935492	-3.754028
13.230000	-0.884041	-3.655561
13.240000	-0.833956	-3.556376
13.250000	-0.785253	-3.456505
13.260000	-0.737942	-3.355967
13.270000	-0.692032	-3.254781
13.280000	-0.647538	-3.152982
13.290000	-0.604455	-3.050561
13.300000	-0.562800	-2.947551
13.310000	-0.522579	-2.843972
13.320000	-0.483806	-2.739859
13.330000	-0.446477	-2.635204
13.340000	-0.410606	-2.530040
13.350000	-0.376199	-2.424387
13.360000	-0.343266	-2.318282
13.370000	-0.311807	-2.211715
13.380000	-0.281830	-2.104722
13.390000	-0.253342	-1.997322
13.400000	-0.226349	-1.889537
13.410000	-0.200855	-1.781388
13.420000	-0.176869	-1.672909
13.430000	-0.154389	-1.564094
13.440000	-0.133422	-1.454976
13.450000	-0.113973	-1.345578
13.460000	-0.096045	-1.235920
13.470000	-0.079644	-1.126039
13.480000	-0.064769	-1.015926
13.490000	-0.051424	-0.905616
13.500000	-0.039613	-0.795132
13.510000	-0.029337	-0.684495
13.520000	-0.020599	-0.573725
13.530000	-0.013401	-0.462860
13.540000	-0.007743	-0.351891
13.550000	-0.003626	-0.240854
13.560000	-0.001052	-0.129770
13.570000	-0.000022	-0.018676
13.580000	-0.000534	0.092436
13.590000	-0.002590	0.203531
13.600000	-0.006187	0.314586
13.610000	-0.011327	0.425565
13.620000	-0.018008	0.536478
13.630000	-0.026229	0.647287
13.640000	-0.035988	0.757971
13.650000	-0.047282	0.868494
13.660000	-0.060112	0.978864
13.670000	-0.074473	1.089046
13.680000	-0.090363	1.199018
13.690000	-0.107777	1.308743
13.700000	-0.126715	1.418231
13.710000	-0.147171	1.527445
13.720000	-0.169144	1.636364
13.730000	-0.192623	1.744953
13.740000	-0.217611	1.853221
13.750000	-0.244101	1.961130
13.760000	-0.272087	2.068662
13.770000	-0.301564	2.175794
13.780000	-0.332521	2.282492
13.790000	-0.364962	2.388765
13.800000	-0.398876	2.494576
13.810000	-0.434256	2.599907
13.820000	-0.471090	2.704721
13.830000	-0.509382	2.809029
13.840000	-0.549119	2.912794
13.850000	-0.590293	3.015997
13.860000	-0.632890	3.118605
13.870000	-0.676915	3.220624
13.880000	-0.722352	3.322023
13.890000	-0.769193	3.422781
13.900000	-0.817422	3.522865
13.910000	-0.867043	3.622283
13.920000	-0.918041	3.721002
13.930000	-0.970405	3.819004
13.940000	-1.024125	3.916269
13.950000	-1.079182	4.012764
13.960000	-1.135582	4.108500
13.970000	-1.193307	4.203443
13.980000	-1.252345	4.297575
13.990000	-1.312684	4.390877
14.000000	-1.374305	4.483320
14.010000	-1.437212	4.574911
14.020000	-1.501385	4.665619
14.030000	-1.566812	4.755428
14.040000	-1.633480	4.844319
14.050000	-1.701376	4.932275
14.060000	-1.770478	5.019269
14.070000	-1.840791	5.105306
14.080000	-1.912292	5.190357
14.090000	-1.984967	5.274408
14.100000	-2.058803	5.357441
14.110000	-2.133774	5.439430
14.120000	-2.209888	5.520380
14.130000	-2.287118	5.600266
14.140000	-2.365450	5.679071
14.150000	-2.444859	5.756771
14.160000	-2.525350	5.833370
14.170000	-2.606896	5.908844
14.180000	-2.689484	5.983178
14.190000	-2.773084	6.056348
14.200000	-2.857704	6.128360
14.210000	-2.943316	6.199189
14.220000	-3.029903	6.268823
14.230000	-3.117438	6.337238
14.240000	-3.205926	6.404440
14.250000	-3.295339	6.470407
14.260000	-3.385659	6.535125
14.270000	-3.476870	6.598582
14.280000	-3.568940	6.660758
14.290000	-3.661878	6.721659
14.300000	-3.755652	6.781262
14.310000	-3.850246	6.839557
14.320000	-3.945627	6.896525
14.330000	-4.041802	6.952170
14.340000	-4.138742	7.006474
14.350000	-4.236426	7.059427
14.360000	-4.334824	7.111011
14.370000	-4.433941	7.161231
14.380000	-4.533746	7.210068
14.390000	-4.634220	7.257515
14.400000	-4.735330	7.303556
14.410000	-4.837083	7.348194
14.420000	-4.939445	7.391415
14.430000	-5.042399	7.433209
14.440000	-5.145909	7.473565
14.450000	-5.249984	7.512484
14.460000	-5.354589	7.549953
14.470000	-5.459704	7.585967
14.480000	-5.565295	7.620512
14.490000	-5.671371	7.653593
14.500000	-5.777895	7.685197
14.510000	-5.884848	7.715318
14.520000	-5.992209	7.743951
14.530000	-6.099957	7.771090
14.540000	-6.208057	7.796726
14.550000	-6.316518	7.820862
14.560000	-6.425303	7.843490
14.570000	-6.534392	7.864604
14.580000	-6.643764	7.884201
14.590000	-6.753382	7.902275
14.600000	-6.863256	7.918827
14.610000	-6.973350	7.933851
14.620000	-7.083641	7.947345
14.630000	-7.194108	7.959305
14.640000	-7.304732	7.969730
14.650000	-7.415474	7.978617
14.660000	-7.526345	7.985966
14.670000	-7.637306	7.991774
14.680000	-7.748338	7.996041
14.690000	-7.859403	7.998765
14.700000	-7.970510	7.999946
14.710000	-8.081623	7.999584
14.720000	-8.192720	7.997678
14.730000	-8.303765	7.994231
14.740000	-8.414767	7.989241
14.750000	-8.525688	7.982709
14.760000	-8.636509	7.974638
14.770000	-8.747206	7.965029
14.780000	-8.857744	7.953884
14.790000	-8.968131	7.941204
14.800000	-9.078333	7.926992
14.810000	-9.188326	7.911251
14.820000	-9.298074	7.893985
14.830000	-9.407587	7.875195
14.840000	-9.516829	7.854886
14.850000	-9.625778	7.833061
14.860000	-9.734399	7.809729
14.870000	-9.842700	7.784886
14.880000	-9.950645	7.758543
14.890000	-10.058214	7.730702
14.900000	-10.165372	7.701374
14.910000	-10.272126	7.670557
14.920000	-10.378443	7.638259
14.930000	-10.484301	7.604489
14.940000	-10.589664	7.569256
14.950000	-10.694542	7.532559
14.960000	-10.798901	7.494408
14.970000	-10.902719	7.454812
14.980000	-11.005964	7.413783
14.990000	-11.108644	7.371318
15.000000	-11.210723	7.327432
15.010000	-11.312183	7.282132
15.020000	-11.413004	7.235427
15.030000	-11.513153	7.187333
15.040000	-11.612638	7.137846
15.050000	-11.711427	7.086982
15.060000	-11.809499	7.034751
15.070000	-11.906822	6.981170
15.080000	-12.003407	6.926236
15.090000	-12.099218	6.869965
15.100000	-12.194239	6.812368
15.110000	-12.288450	6.753458
15.120000	-12.381821	6.693254
15.130000	-12.474360	6.631749
15.140000	-12.566036	6.568966
15.150000	-12.656832	6.504915
15.160000	-12.746728	6.439610
15.170000	-12.835709	6.373062
15.180000	-12.923745	6.305294
15.190000	-13.010843	6.236300
15.200000	-13.096975	6.166104
15.210000	-13.182124	6.094718
15.220000	-13.266273	6.022157
15.230000	-13.349395	5.948443
15.240000	-13.431496	5.873572
15.250000	-13.512548	5.797569
15.260000	-13.592539	5.720447
15.270000	-13.671450	5.642220
15.280000	-13.749256	5.562917
15.290000	-13.825964	5.482530
15.300000	-13.901548	5.401085
15.310000	-13.975994	5.318598
15.320000	-14.049277	5.235097
15.330000	-14.121404	5.150575
15.340000	-14.192348	5.065059
15.350000	-14.262099	4.978565
15.360000	-14.330633	4.891124
15.370000	-14.397954	4.802727
15.380000	-14.464042	4.713403
15.390000	-14.528882	4.623170
15.400000	-14.592454	4.532058
15.410000	-14.654763	4.440059
15.420000	-14.715789	4.347204
15.430000	-14.775518	4.253510
15.440000	-14.833934	4.159008
15.450000	-14.891039	4.063692
15.460000	-14.946814	3.967591
15.470000	-15.001249	3.870725
15.480000	-15.054327	3.773125
15.490000	-15.106050	3.674785
15.500000	-15.156404	3.575736
15.510000	-15.205377	3.475996
15.520000	-15.252959	3.375587
15.530000	-15.299136	3.274539
15.540000	-15.343912	3.172847
15.550000	-15.387271	3.070542
15.560000	-15.429205	2.967645
15.570000	-15.469700	2.864190
15.580000	-15.508759	2.760168
15.590000	-15.546371	2.655614
15.600000	-15.582527	2.550547
15.610000	-15.617214	2.445003
15.620000	-15.650438	2.338973
15.630000	-15.682186	2.232491
15.640000	-15.712452	2.125579
15.650000	-15.741230	2.018257
15.660000	-15.768511	1.910560
15.670000	-15.794297	1.802480
15.680000	-15.818580	1.694052
15.690000	-15.841354	1.585297
15.700000	-15.862616	1.476237
15.710000	-15.882359	1.366907
15.720000	-15.900582	1.257298
15.730000	-15.917282	1.147446
15.740000	-15.932456	1.037374
15.750000	-15.946098	0.927101
15.760000	-15.958208	0.816649
15.770000	-15.968782	0.706055
15.780000	-15.977819	0.595310
15.790000	-15.985318	0.484449
15.800000	-15.991277	0.373496
15.810000	-15.995693	0.262470
15.820000	-15.998568	0.151409
15.830000	-15.999899	0.040303
15.840000	-15.999687	-0.070810
15.850000	-15.997931	-0.181910
15.860000	-15.994635	-0.292960
15.870000	-15.989794	-0.403968
15.880000	-15.983413	-0.514898
15.890000	-15.975492	-0.625729
15.900000	-15.966033	-0.736424
15.910000	-15.955036	-0.846992
15.920000	-15.942505	-0.957397
15.930000	-15.928442	-1.067617
15.940000	-15.912851	-1.177616
15.950000	-15.895733	-1.287403
15.960000	-15.877090	-1.396941
15.970000	-15.856929	-1.506210
15.980000	-15.835255	-1.615174
15.990000	-15.812065	-1.723841
16.000000	-15.787371	-1.832175
16.010000	-15.761172	-1.940157
16.020000	-15.733477	-2.047763
16.030001	-15.704290	-2.154975
16.040001	-15.673616	-2.261771
16.049999	-15.641472	-2.368102
16.059999	-15.607845	-2.474005
