0.000000	0.000000	-11.111111
0.100000	0.000000	-11.083333
0.200000	0.000000	-11.000000
0.300000	0.000000	-10.861111
0.400000	0.000000	-10.666666
0.500000	0.000000	-10.416666
0.600000	0.000000	-10.111111
0.700000	0.000000	-9.750000
0.800000	0.000000	-9.333333
0.900000	0.000000	-8.861111
1.000000	0.000000	-8.333333
1.100000	0.000000	-7.750000
1.200000	0.000000	-7.111111
1.300000	0.000000	-6.416667
1.400000	0.000000	-5.666667
1.500000	0.000000	-4.861111
1.600000	0.000000	-4.000000
1.700000	0.000000	-3.083333
1.800000	0.000000	-2.111111
1.900000	0.000000	-1.083333
2.000000	0.000000	0.000000
2.100000	0.080812	1.107182
2.200000	0.321536	2.190898
2.300000	0.717068	3.228172
2.400000	1.259025	4.197021
2.500000	1.935919	5.076907
2.600000	2.733401	5.849178
2.700000	3.634572	6.497469
2.800000	4.620323	7.008034
2.900000	5.669766	7.370053
3.000000	6.760650	7.575851
3.100000	7.869856	7.621068
3.200000	8.973875	7.504743
3.300000	10.049299	7.229343
3.400000	11.073339	6.800704
3.500000	12.024283	6.227915
3.600000	12.881977	5.523116
3.700000	13.628243	4.701243
3.800000	14.247260	3.779722
3.900000	14.725908	2.778081
4.000000	15.054039	1.717557
4.100000	15.224701	0.620626
4.200000	15.234274	-0.489459
4.300000	15.082556	-1.589177
4.400000	14.772763	-2.655202
4.500000	14.311463	-3.664947
4.600000	13.708433	-4.597007
4.700000	12.976455	-5.431626
4.800000	12.131038	-6.151117
4.900000	11.190116	-6.740221
5.000000	10.173622	-7.186456
5.100000	9.103106	-7.480363
5.200000	8.001263	-7.615711
5.300000	6.891437	-7.589632
5.400000	5.797164	-7.402678
5.500000	4.741638	-7.058814
5.600000	3.747226	-6.565325
5.700000	2.835010	-5.932674
5.800000	2.024323	-5.174268
5.900000	1.332357	-4.306190
6.000000	0.773771	-3.346832
6.100000	0.360408	-2.316532
6.200000	0.101030	-1.237134
6.300000	0.001134	-0.131506
6.400000	0.062839	0.976907
6.500000	0.284836	2.064612
6.600000	0.662419	3.108551
6.700000	1.187586	4.086603
6.800000	1.849207	4.978035
6.900000	2.633250	5.763945
7.000000	3.523104	6.427680
7.100000	4.499905	6.955171
7.200000	5.542943	7.335234
7.300000	6.630121	7.559818
7.400000	7.738383	7.624157
7.500000	8.844239	7.526891
7.600000	9.924254	7.270079
7.700000	10.955534	6.859167
7.800000	11.916217	6.302863
7.900000	12.785940	5.612960
8.000000	13.546269	4.804081
8.100000	14.181091	3.893366
8.200000	14.676938	2.900136
8.300000	15.023313	1.845427
8.400000	15.212866	0.751609
8.500000	15.241584	-0.358156
8.600000	15.108855	-1.460321
8.700000	14.817496	-2.531526
8.800000	14.373675	-3.549084
8.900000	13.786814	-4.491401
9.000000	13.069337	-5.338522
9.100000	12.236454	-6.072489
9.200000	11.305835	-6.677730
9.300000	10.297182	-7.141433
9.400000	9.231901	-7.453757
9.500000	8.132552	-7.608089
9.600000	7.022438	-7.601154
9.700000	5.925110	-7.433102
9.800000	4.863808	-7.107492
9.900000	3.861039	-6.631231
10.000000	2.938041	-6.014403
10.100000	2.114393	-5.270088
10.200000	1.407560	-4.414076
10.300000	0.832511	-3.464495
10.400000	0.401443	-2.441485
10.500000	0.123485	-1.366710
10.600000	0.004536	-0.262972
10.700000	-0.047115	0.846332
10.800000	-0.250320	1.937712
10.900000	-0.609841	2.988004
11.000000	-1.118065	3.974974
11.100000	-1.764211	4.877682
11.200000	-2.534581	5.676994
11.300000	-3.412861	6.355982
11.400000	-4.380413	6.900238
11.500000	-5.416744	7.298235
11.600000	-6.499891	7.541535
11.700000	-7.606872	7.624979
11.800000	-8.714244	7.546799
11.900000	-9.798521	7.308654
12.000000	-10.836740	6.915587
12.100000	-11.806881	6.375931
12.200000	-12.688368	5.701134
12.300000	-13.462534	4.905489
12.400000	-14.112961	4.005869
12.500000	-14.625872	3.021327
12.600000	-14.990384	1.972749
12.700000	-15.198774	0.882362
12.800000	-15.246628	-0.226742
12.900000	-15.132929	-1.331025
13.000000	-14.860086	-2.407103
13.100000	-14.433879	-3.432171
13.200000	-13.863358	-4.384463
13.300000	-13.160599	-5.243831
13.400000	-12.340504	-5.992049
13.500000	-11.420456	-6.613255
13.600000	-10.419956	-7.094282
13.700000	-9.360214	-7.424934
13.800000	-8.263691	-7.598204
13.900000	-7.153629	-7.610416
14.000000	-6.053559	-7.461313
14.100000	-4.986799	-7.154056
14.200000	-3.975959	-6.695157
14.300000	-3.042467	-6.094343
14.400000	-2.206109	-5.364349
14.500000	-1.484613	-4.520649
14.600000	-0.893272	-3.581127
14.700000	-0.444622	-2.565697
14.800000	-0.148172	-1.495883
14.900000	-0.010205	-0.394375
15.000000	-0.033646	0.715521
15.100000	-0.217999	1.810235
15.200000	-0.559354	2.866579
15.300000	-1.050478	3.862160
15.400000	-1.680950	4.775866
15.500000	-2.437434	5.588362
15.600000	-3.303868	6.282392
15.700000	-4.261883	6.843250
15.800000	-5.291210	7.259067
15.900000	-6.369978	7.521007
16.000000	-7.475362	7.623531
16.100000	-8.583932	7.564461
16.200001	-9.672162	7.345050
16.299999	-10.716986	6.969954
16.400000	-11.696283	6.447114
16.500000	-12.589284	5.787617
16.600000	-13.377068	5.005432
16.700001	-14.042915	4.117157
16.799999	-14.572720	3.141626
16.900000	-14.955263	2.099491
17.000000	-15.182430	1.012853
17.100000	-15.249405	-0.095268
17.200001	-15.154766	-1.201355
17.299999	-14.900525	-2.281964
17.400000	-14.492065	-3.314217
17.500000	-13.938047	-4.276220
17.600000	-13.250214	-5.147581
17.700001	-12.443134	-5.909840
17.799999	-11.533960	-6.546805
17.900000	-10.541893	-7.045023
18.000000	-9.488011	-7.393904
18.100000	-8.394639	-7.586058
18.200001	-7.284939	-7.617413
18.299999	-6.182490	-7.487309
18.400000	-5.110575	-7.198492
18.500000	-4.091971	-6.757095
18.600000	-3.148255	-6.172470
18.700001	-2.299432	-5.457009
18.799999	-1.563501	-4.625890
18.900000	-0.956043	-3.696707
