0.000000	0.000000	0.000000	0.000000	0.000000
0.010000	0.000000	0.000278	-100.000000	-100.000000
0.020000	0.000000	0.001111	-100.000000	-100.000000
0.030000	0.000000	0.002500	-100.000000	-100.000000
0.040000	0.000000	0.004444	-100.000000	-100.000000
0.050000	0.000000	0.006944	-100.000000	-100.000000
0.060000	0.000000	0.010000	-100.000000	-100.000000
0.070000	0.000000	0.013611	-100.000000	-100.000000
0.080000	0.000000	0.017778	-100.000000	-100.000000
0.090000	0.000000	0.022500	-100.000000	-100.000000
0.100000	0.000000	0.027778	-100.000000	-100.000000
0.110000	0.000000	0.033611	-100.000000	-100.000000
0.120000	0.000000	0.040000	-100.000000	-100.000000
0.130000	0.000000	0.046944	-100.000000	-100.000000
0.140000	0.000000	0.054444	-100.000000	-100.000000
0.150000	0.000000	0.062500	-100.000000	-100.000000
0.160000	0.000000	0.071111	-100.000000	-100.000000
0.170000	0.000000	0.080278	-100.000000	-100.000000
0.180000	0.000000	0.090000	-100.000000	-100.000000
0.190000	0.000000	0.100278	-100.000000	-100.000000
0.200000	0.000000	0.111111	-100.000000	-100.000000
0.210000	0.000000	0.122500	-100.000000	-100.000000
0.220000	0.000000	0.134444	-100.000000	-100.000000
0.230000	0.000000	0.146944	-100.000000	-100.000000
0.240000	0.000000	0.160000	-100.000000	-100.000000
0.250000	0.000000	0.173611	-100.000000	-100.000000
0.260000	0.000000	0.187778	-100.000000	-100.000000
0.270000	0.000000	0.202500	-100.000000	-100.000000
0.280000	0.000000	0.217778	-100.000000	-100.000000
0.290000	0.000000	0.233611	-100.000000	-100.000000
0.300000	0.000000	0.250000	-100.000000	-100.000000
0.310000	0.000000	0.266944	-100.000000	-100.000000
0.320000	0.000000	0.284444	-100.000000	-100.000000
0.330000	0.000000	0.302500	-100.000000	-100.000000
0.340000	0.000000	0.321111	-100.000000	-100.000000
0.350000	0.000000	0.340278	-100.000000	-100.000000
0.360000	0.000000	0.360000	-100.000000	-100.000000
0.370000	0.000000	0.380278	-100.000000	-100.000000
0.380000	0.000000	0.401111	-100.000000	-100.000000
0.390000	0.000000	0.422500	-100.000000	-100.000000
0.400000	0.000000	0.444444	-100.000000	-100.000000
0.410000	0.000000	0.466944	-100.000000	-100.000000
0.420000	0.000000	0.490000	-100.000000	-100.000000
0.430000	0.000000	0.513611	-100.000000	-100.000000
0.440000	0.000000	0.537778	-100.000000	-100.000000
0.450000	0.000000	0.562500	-100.000000	-100.000000
0.460000	0.000000	0.587778	-100.000000	-100.000000
0.470000	0.000000	0.613611	-100.000000	-100.000000
0.480000	0.000000	0.640000	-100.000000	-100.000000
0.490000	0.000000	0.666944	-100.000000	-100.000000
0.500000	0.000000	0.694444	0.000000	0.694444
0.510000	0.000000	0.722500	-100.000000	-100.000000
0.520000	0.000000	0.751111	-100.000000	-100.000000
0.530000	0.000000	0.780278	-100.000000	-100.000000
0.540000	0.000000	0.810000	-100.000000	-100.000000
0.550000	0.000000	0.840278	-100.000000	-100.000000
0.560000	0.000000	0.871111	-100.000000	-100.000000
0.570000	0.000000	0.902500	-100.000000	-100.000000
0.580000	0.000000	0.934444	-100.000000	-100.000000
0.590000	0.000000	0.966944	-100.000000	-100.000000
0.600000	0.000000	1.000000	-100.000000	-100.000000
0.610000	0.000000	1.033611	-100.000000	-100.000000
0.620000	0.000000	1.067778	-100.000000	-100.000000
0.630000	0.000000	1.102500	-100.000000	-100.000000
0.640000	0.000000	1.137778	-100.000000	-100.000000
0.650000	0.000000	1.173611	-100.000000	-100.000000
0.660000	0.000000	1.210000	-100.000000	-100.000000
0.670000	0.000000	1.246944	-100.000000	-100.000000
0.680000	0.000000	1.284444	-100.000000	-100.000000
0.690000	0.000000	1.322500	-100.000000	-100.000000
0.700000	0.000000	1.361111	-100.000000	-100.000000
0.710000	0.000000	1.400278	-100.000000	-100.000000
0.720000	0.000000	1.440000	-100.000000	-100.000000
0.730000	0.000000	1.480278	-100.000000	-100.000000
0.740000	0.000000	1.521111	-100.000000	-100.000000
0.750000	0.000000	1.562500	-100.000000	-100.000000
0.760000	0.000000	1.604444	-100.000000	-100.000000
0.770000	0.000000	1.646944	-100.000000	-100.000000
0.780000	0.000000	1.690000	-100.000000	-100.000000
0.790000	0.000000	1.733611	-100.000000	-100.000000
0.800000	0.000000	1.777778	-100.000000	-100.000000
0.810000	0.000000	1.822500	-100.000000	-100.000000
0.820000	0.000000	1.867778	-100.000000	-100.000000
0.830000	0.000000	1.913611	-100.000000	-100.000000
0.840000	0.000000	1.960000	-100.000000	-100.000000
0.850000	0.000000	2.006944	-100.000000	-100.000000
0.860000	0.000000	2.054445	-100.000000	-100.000000
0.870000	0.000000	2.102500	-100.000000	-100.000000
0.880000	0.000000	2.151111	-100.000000	-100.000000
0.890000	0.000000	2.200278	-100.000000	-100.000000
0.900000	0.000000	2.250000	-100.000000	-100.000000
0.910000	0.000000	2.300278	-100.000000	-100.000000
0.920000	0.000000	2.351111	-100.000000	-100.000000
0.930000	0.000000	2.402500	-100.000000	-100.000000
0.940000	0.000000	2.454444	-100.000000	-100.000000
0.950000	0.000000	2.506944	-100.000000	-100.000000
0.960000	0.000000	2.560000	-100.000000	-100.000000
0.970000	0.000000	2.613611	-100.000000	-100.000000
0.980000	0.000000	2.667778	-100.000000	-100.000000
0.990000	0.000000	2.722500	-100.000000	-100.000000
1.000000	0.000000	2.777778	0.000000	2.777778
1.010000	0.000000	2.833611	-100.000000	-100.000000
1.020000	0.000000	2.890000	-100.000000	-100.000000
1.030000	0.000000	2.946944	-100.000000	-100.000000
1.040000	0.000000	3.004444	-100.000000	-100.000000
1.050000	0.000000	3.062500	-100.000000	-100.000000
1.060000	0.000000	3.121111	-100.000000	-100.000000
1.070000	0.000000	3.180278	-100.000000	-100.000000
1.080000	0.000000	3.240000	-100.000000	-100.000000
1.090000	0.000000	3.300278	-100.000000	-100.000000
1.100000	0.000000	3.361111	-100.000000	-100.000000
1.110000	0.000000	3.422500	-100.000000	-100.000000
1.120000	0.000000	3.484444	-100.000000	-100.000000
1.130000	0.000000	3.546944	-100.000000	-100.000000
1.140000	0.000000	3.610000	-100.000000	-100.000000
1.150000	0.000000	3.673611	-100.000000	-100.000000
1.160000	0.000000	3.737777	-100.000000	-100.000000
1.170000	0.000000	3.802500	-100.000000	-100.000000
1.180000	0.000000	3.867777	-100.000000	-100.000000
1.190000	0.000000	3.933611	-100.000000	-100.000000
1.200000	0.000000	4.000000	-100.000000	-100.000000
1.210000	0.000000	4.066945	-100.000000	-100.000000
1.220000	0.000000	4.134445	-100.000000	-100.000000
1.230000	0.000000	4.202500	-100.000000	-100.000000
1.240000	0.000000	4.271111	-100.000000	-100.000000
1.250000	0.000000	4.340278	-100.000000	-100.000000
1.260000	0.000000	4.410000	-100.000000	-100.000000
1.270000	0.000000	4.480278	-100.000000	-100.000000
1.280000	0.000000	4.551111	-100.000000	-100.000000
1.290000	0.000000	4.622499	-100.000000	-100.000000
1.300000	0.000000	4.694444	-100.000000	-100.000000
1.310000	0.000000	4.766944	-100.000000	-100.000000
1.320000	0.000000	4.840000	-100.000000	-100.000000
1.330000	0.000000	4.913611	-100.000000	-100.000000
1.340000	0.000000	4.987778	-100.000000	-100.000000
1.350000	0.000000	5.062500	-100.000000	-100.000000
1.360000	0.000000	5.137778	-100.000000	-100.000000
1.370000	0.000000	5.213611	-100.000000	-100.000000
1.380000	0.000000	5.290000	-100.000000	-100.000000
1.390000	0.000000	5.366944	-100.000000	-100.000000
1.400000	0.000000	5.444444	-100.000000	-100.000000
1.410000	0.000000	5.522500	-100.000000	-100.000000
1.420000	0.000000	5.601110	-100.000000	-100.000000
1.430000	0.000000	5.680277	-100.000000	-100.000000
1.440000	0.000000	5.760000	-100.000000	-100.000000
1.450000	0.000000	5.840278	-100.000000	-100.000000
1.460000	0.000000	5.921111	-100.000000	-100.000000
1.470000	0.000000	6.002500	-100.000000	-100.000000
1.480000	0.000000	6.084445	-100.000000	-100.000000
1.490000	0.000000	6.166945	-100.000000	-100.000000
1.500000	0.000000	6.250000	0.000000	6.250000
1.510000	0.000000	6.333611	-100.000000	-100.000000
1.520000	0.000000	6.417778	-100.000000	-100.000000
1.530000	0.000000	6.502500	-100.000000	-100.000000
1.540000	0.000000	6.587777	-100.000000	-100.000000
1.550000	0.000000	6.673610	-100.000000	-100.000000
1.560000	0.000000	6.759999	-100.000000	-100.000000
1.570000	0.000000	6.846945	-100.000000	-100.000000
1.580000	0.000000	6.934444	-100.000000	-100.000000
1.590000	0.000000	7.022500	-100.000000	-100.000000
1.600000	0.000000	7.111111	-100.000000	-100.000000
1.610000	0.000000	7.200278	-100.000000	-100.000000
1.620000	0.000000	7.290000	-100.000000	-100.000000
1.630000	0.000000	7.380278	-100.000000	-100.000000
1.640000	0.000000	7.471111	-100.000000	-100.000000
1.650000	0.000000	7.562500	-100.000000	-100.000000
1.660000	0.000000	7.654444	-100.000000	-100.000000
1.670000	0.000000	7.746944	-100.000000	-100.000000
1.680000	0.000000	7.839999	-100.000000	-100.000000
1.690000	0.000000	7.933611	-100.000000	-100.000000
1.700000	0.000000	8.027778	-100.000000	-100.000000
1.710000	0.000000	8.122500	-100.000000	-100.000000
1.720000	0.000000	8.217778	-100.000000	-100.000000
1.730000	0.000000	8.313611	-100.000000	-100.000000
1.740000	0.000000	8.410000	-100.000000	-100.000000
1.750000	0.000000	8.506944	-100.000000	-100.000000
1.760000	0.000000	8.604444	-100.000000	-100.000000
1.770000	0.000000	8.702499	-100.000000	-100.000000
1.780000	0.000000	8.801110	-100.000000	-100.000000
1.790000	0.000000	8.900277	-100.000000	-100.000000
1.800000	0.000000	8.999999	-100.000000	-100.000000
1.810000	0.000000	9.100277	-100.000000	-100.000000
1.820000	0.000000	9.201111	-100.000000	-100.000000
1.830000	0.000000	9.302500	-100.000000	-100.000000
1.840000	0.000000	9.404445	-100.000000	-100.000000
1.850000	0.000000	9.506945	-100.000000	-100.000000
1.860000	0.000000	9.610000	-100.000000	-100.000000
1.870000	0.000000	9.713611	-100.000000	-100.000000
1.880000	0.000000	9.817778	-100.000000	-100.000000
1.890000	0.000000	9.922500	-100.000000	-100.000000
1.900000	0.000000	10.027777	-100.000000	-100.000000
1.910000	0.000000	10.133611	-100.000000	-100.000000
1.920000	0.000000	10.239999	-100.000000	-100.000000
1.930000	0.000000	10.346944	-100.000000	-100.000000
1.940000	0.000000	10.454445	-100.000000	-100.000000
1.950000	0.000000	10.562500	-100.000000	-100.000000
1.960000	0.000000	10.671111	-100.000000	-100.000000
1.970000	0.000000	10.780277	-100.000000	-100.000000
1.980000	0.000000	10.889999	-100.000000	-100.000000
1.990000	0.000000	11.000278	-100.000000	-100.000000
2.000000	0.000000	11.111111	0.000000	11.111111
2.010000	0.000809	11.222218	-100.000000	-100.000000
2.020000	0.003238	11.333302	-100.000000	-100.000000
2.030000	0.007285	11.444338	-100.000000	-100.000000
2.040000	0.012949	11.555303	-100.000000	-100.000000
2.050000	0.020230	11.666174	-100.000000	-100.000000
2.060000	0.029125	11.776928	-100.000000	-100.000000
2.070000	0.039633	11.887540	-100.000000	-100.000000
2.080000	0.051753	11.997987	-100.000000	-100.000000
2.090000	0.065480	12.108246	-100.000000	-100.000000
2.100000	0.080812	12.218292	-100.000000	-100.000000
2.110000	0.097746	12.328105	-100.000000	-100.000000
2.120000	0.116279	12.437658	-100.000000	-100.000000
2.130000	0.136406	12.546932	-100.000000	-100.000000
2.140000	0.158123	12.655900	-100.000000	-100.000000
2.150000	0.181426	12.764539	-100.000000	-100.000000
2.160000	0.206309	12.872827	-100.000000	-100.000000
2.170000	0.232767	12.980741	-100.000000	-100.000000
2.180000	0.260795	13.088257	-100.000000	-100.000000
2.190000	0.290387	13.195354	-100.000000	-100.000000
2.200000	0.321536	13.302009	-100.000000	-100.000000
2.210000	0.354235	13.408197	-100.000000	-100.000000
2.220000	0.388479	13.513899	-100.000000	-100.000000
2.230000	0.424259	13.619091	-100.000000	-100.000000
2.240000	0.461569	13.723749	-100.000000	-100.000000
2.250000	0.500399	13.827853	-100.000000	-100.000000
2.260000	0.540743	13.931380	-100.000000	-100.000000
2.270000	0.582590	14.034308	-100.000000	-100.000000
2.280000	0.625933	14.136616	-100.000000	-100.000000
2.290000	0.670762	14.238281	-100.000000	-100.000000
2.300000	0.717068	14.339283	-100.000000	-100.000000
2.310000	0.764840	14.439598	-100.000000	-100.000000
2.320000	0.814069	14.539207	-100.000000	-100.000000
2.330000	0.864744	14.638088	-100.000000	-100.000000
2.340000	0.916855	14.736219	-100.000000	-100.000000
2.350000	0.970390	14.833582	-100.000000	-100.000000
2.360000	1.025338	14.930154	-100.000000	-100.000000
2.370000	1.081688	15.025915	-100.000000	-100.000000
2.380000	1.139429	15.120847	-100.000000	-100.000000
2.390000	1.198544	15.214926	-100.000000	-100.000000
2.400000	1.259025	15.308132	-100.000000	-100.000000
2.410000	1.320858	15.400448	-100.000000	-100.000000
2.420000	1.384029	15.491853	-100.000000	-100.000000
2.430000	1.448525	15.582328	-100.000000	-100.000000
2.440000	1.514333	15.671852	-100.000000	-100.000000
2.450000	1.581438	15.760410	-100.000000	-100.000000
2.460000	1.649826	15.847980	-100.000000	-100.000000
2.470000	1.719484	15.934544	-100.000000	-100.000000
2.480000	1.790395	16.020082	-100.000000	-100.000000
2.490000	1.862545	16.104580	-100.000000	-100.000000
2.500000	1.935919	16.188017	1.935919	16.188017
2.510000	2.010500	16.270376	-100.000000	-100.000000
2.520000	2.086274	16.351639	-100.000000	-100.000000
2.530000	2.163224	16.431789	-100.000000	-100.000000
2.540000	2.241334	16.510811	-100.000000	-100.000000
2.550000	2.320587	16.588684	-100.000000	-100.000000
2.560000	2.400966	16.665398	-100.000000	-100.000000
2.570000	2.482454	16.740929	-100.000000	-100.000000
2.580000	2.565035	16.815266	-100.000000	-100.000000
2.590000	2.648690	16.888390	-100.000000	-100.000000
2.600000	2.733401	16.960289	-100.000000	-100.000000
2.610000	2.819151	17.030945	-100.000000	-100.000000
2.620000	2.905922	17.100346	-100.000000	-100.000000
2.630000	2.993697	17.168474	-100.000000	-100.000000
2.640000	3.082453	17.235317	-100.000000	-100.000000
2.650000	3.172174	17.300858	-100.000000	-100.000000
2.660000	3.262840	17.365084	-100.000000	-100.000000
2.670000	3.354432	17.427982	-100.000000	-100.000000
2.680000	3.446931	17.489540	-100.000000	-100.000000
2.690000	3.540318	17.549744	-100.000000	-100.000000
2.700000	3.634572	17.608580	-100.000000	-100.000000
2.710000	3.729672	17.666037	-100.000000	-100.000000
2.720000	3.825600	17.722101	-100.000000	-100.000000
2.730000	3.922336	17.776762	-100.000000	-100.000000
2.740000	4.019857	17.830006	-100.000000	-100.000000
2.750000	4.118143	17.881824	-100.000000	-100.000000
2.760000	4.217174	17.932207	-100.000000	-100.000000
2.770000	4.316929	17.981140	-100.000000	-100.000000
2.780000	4.417387	18.028614	-100.000000	-100.000000
2.790000	4.518525	18.074617	-100.000000	-100.000000
2.800000	4.620323	18.119144	-100.000000	-100.000000
2.810000	4.722758	18.162182	-100.000000	-100.000000
2.820000	4.825811	18.203724	-100.000000	-100.000000
2.830000	4.929458	18.243759	-100.000000	-100.000000
2.840000	5.033677	18.282280	-100.000000	-100.000000
2.850000	5.138445	18.319279	-100.000000	-100.000000
2.860000	5.243743	18.354746	-100.000000	-100.000000
2.870000	5.349546	18.388674	-100.000000	-100.000000
2.880000	5.455834	18.421059	-100.000000	-100.000000
2.890000	5.562581	18.451891	-100.000000	-100.000000
2.900000	5.669766	18.481163	-100.000000	-100.000000
2.910000	5.777365	18.508873	-100.000000	-100.000000
2.920000	5.885357	18.535009	-100.000000	-100.000000
2.930000	5.993719	18.559570	-100.000000	-100.000000
2.940000	6.102427	18.582550	-100.000000	-100.000000
2.950000	6.211458	18.603943	-100.000000	-100.000000
2.960000	6.320789	18.623745	-100.000000	-100.000000
2.970000	6.430397	18.641951	-100.000000	-100.000000
2.980000	6.540259	18.658558	-100.000000	-100.000000
2.990000	6.650352	18.673563	-100.000000	-100.000000
3.000000	6.760650	18.686962	6.760650	18.686962
3.010000	6.871133	18.698753	-100.000000	-100.000000
3.020000	6.981775	18.708931	-100.000000	-100.000000
3.030000	7.092555	18.717499	-100.000000	-100.000000
3.040000	7.203447	18.724449	-100.000000	-100.000000
3.050000	7.314429	18.729784	-100.000000	-100.000000
3.060000	7.425477	18.733500	-100.000000	-100.000000
3.070000	7.536568	18.735598	-100.000000	-100.000000
3.080000	7.647676	18.736076	-100.000000	-100.000000
3.090000	7.758780	18.734938	-100.000000	-100.000000
3.100000	7.869856	18.732178	-100.000000	-100.000000
3.110000	7.980880	18.727802	-100.000000	-100.000000
3.120000	8.091828	18.721806	-100.000000	-100.000000
3.130000	8.202680	18.714195	-100.000000	-100.000000
3.140000	8.313406	18.704971	-100.000000	-100.000000
3.150000	8.423987	18.694134	-100.000000	-100.000000
3.160000	8.534397	18.681686	-100.000000	-100.000000
3.170000	8.644614	18.667633	-100.000000	-100.000000
3.180000	8.754616	18.651972	-100.000000	-100.000000
3.190000	8.864377	18.634712	-100.000000	-100.000000
3.200000	8.973875	18.615852	-100.000000	-100.000000
3.210000	9.083086	18.595402	-100.000000	-100.000000
3.220000	9.191988	18.573360	-100.000000	-100.000000
3.230000	9.300558	18.549736	-100.000000	-100.000000
3.240000	9.408772	18.524530	-100.000000	-100.000000
3.250000	9.516605	18.497751	-100.000000	-100.000000
3.260000	9.624038	18.469402	-100.000000	-100.000000
3.270000	9.731047	18.439493	-100.000000	-100.000000
3.280000	9.837608	18.408028	-100.000000	-100.000000
3.290000	9.943700	18.375011	-100.000000	-100.000000
3.300000	10.049299	18.340454	-100.000000	-100.000000
3.310000	10.154383	18.304361	-100.000000	-100.000000
3.320000	10.258931	18.266739	-100.000000	-100.000000
3.330000	10.362919	18.227600	-100.000000	-100.000000
3.340000	10.466326	18.186951	-100.000000	-100.000000
3.350000	10.569128	18.144796	-100.000000	-100.000000
3.360000	10.671308	18.101149	-100.000000	-100.000000
3.370000	10.772839	18.056019	-100.000000	-100.000000
3.380000	10.873705	18.009411	-100.000000	-100.000000
3.390000	10.973877	17.961340	-100.000000	-100.000000
3.400000	11.073339	17.911816	-100.000000	-100.000000
3.410000	11.172069	17.860847	-100.000000	-100.000000
3.420000	11.270045	17.808443	-100.000000	-100.000000
3.430000	11.367248	17.754620	-100.000000	-100.000000
3.440000	11.463655	17.699385	-100.000000	-100.000000
3.450000	11.559248	17.642750	-100.000000	-100.000000
3.460000	11.654007	17.584728	-100.000000	-100.000000
3.470000	11.747909	17.525333	-100.000000	-100.000000
3.480000	11.840936	17.464575	-100.000000	-100.000000
3.490000	11.933066	17.402470	-100.000000	-100.000000
3.500000	12.024283	17.339025	12.024283	17.339025
3.510000	12.114566	17.274261	-100.000000	-100.000000
3.520000	12.203895	17.208187	-100.000000	-100.000000
3.530000	12.292252	17.140820	-100.000000	-100.000000
3.540000	12.379617	17.072170	-100.000000	-100.000000
3.550000	12.465975	17.002254	-100.000000	-100.000000
3.560000	12.551303	16.931091	-100.000000	-100.000000
3.570000	12.635585	16.858690	-100.000000	-100.000000
3.580000	12.718803	16.785069	-100.000000	-100.000000
3.590000	12.800940	16.710241	-100.000000	-100.000000
3.600000	12.881977	16.634228	-100.000000	-100.000000
3.610000	12.961899	16.557039	-100.000000	-100.000000
3.620000	13.040687	16.478695	-100.000000	-100.000000
3.630000	13.118327	16.399208	-100.000000	-100.000000
3.640000	13.194799	16.318602	-100.000000	-100.000000
3.650000	13.270088	16.236889	-100.000000	-100.000000
3.660000	13.344178	16.154087	-100.000000	-100.000000
3.670000	13.417056	16.070215	-100.000000	-100.000000
3.680000	13.488702	15.985291	-100.000000	-100.000000
3.690000	13.559103	15.899330	-100.000000	-100.000000
3.700000	13.628243	15.812353	-100.000000	-100.000000
3.710000	13.696111	15.724379	-100.000000	-100.000000
3.720000	13.762688	15.635425	-100.000000	-100.000000
3.730000	13.827962	15.545509	-100.000000	-100.000000
3.740000	13.891918	15.454653	-100.000000	-100.000000
3.750000	13.954544	15.362875	-100.000000	-100.000000
3.760000	14.015827	15.270191	-100.000000	-100.000000
3.770000	14.075752	15.176626	-100.000000	-100.000000
3.780000	14.134308	15.082198	-100.000000	-100.000000
3.790000	14.191481	14.986927	-100.000000	-100.000000
3.800000	14.247260	14.890833	-100.000000	-100.000000
3.810000	14.301633	14.793936	-100.000000	-100.000000
3.820000	14.354588	14.696258	-100.000000	-100.000000
3.830000	14.406114	14.597817	-100.000000	-100.000000
3.840000	14.456201	14.498635	-100.000000	-100.000000
3.850000	14.504837	14.398735	-100.000000	-100.000000
3.860000	14.552011	14.298138	-100.000000	-100.000000
3.870000	14.597715	14.196863	-100.000000	-100.000000
3.880000	14.641940	14.094930	-100.000000	-100.000000
3.890000	14.684673	13.992367	-100.000000	-100.000000
3.900000	14.725908	13.889192	-100.000000	-100.000000
3.910000	14.765635	13.785426	-100.000000	-100.000000
3.920000	14.803844	13.681093	-100.000000	-100.000000
3.930000	14.840531	13.576215	-100.000000	-100.000000
3.940000	14.875685	13.470813	-100.000000	-100.000000
3.950000	14.909299	13.364910	-100.000000	-100.000000
3.960000	14.941367	13.258526	-100.000000	-100.000000
3.970000	14.971881	13.151689	-100.000000	-100.000000
3.980000	15.000835	13.044417	-100.000000	-100.000000
3.990000	15.028223	12.936736	-100.000000	-100.000000
4.000000	15.054039	12.828668	15.054039	12.828668
4.010000	15.078279	12.720230	-100.000000	-100.000000
4.020000	15.100934	12.611458	-100.000000	-100.000000
4.030000	15.122003	12.502360	-100.000000	-100.000000
4.040000	15.141479	12.392975	-100.000000	-100.000000
4.050000	15.159360	12.283310	-100.000000	-100.000000
4.060000	15.175640	12.173401	-100.000000	-100.000000
4.070000	15.190318	12.063263	-100.000000	-100.000000
4.080000	15.203388	11.952927	-100.000000	-100.000000
4.090000	15.214850	11.842405	-100.000000	-100.000000
4.100000	15.224701	11.731737	-100.000000	-100.000000
4.110000	15.232937	11.620930	-100.000000	-100.000000
4.120000	15.239558	11.510020	-100.000000	-100.000000
4.130000	15.244562	11.399020	-100.000000	-100.000000
4.140000	15.247949	11.287964	-100.000000	-100.000000
4.150000	15.249717	11.176866	-100.000000	-100.000000
4.160000	15.249865	11.065758	-100.000000	-100.000000
4.170000	15.248395	10.954655	-100.000000	-100.000000
4.180000	15.245306	10.843591	-100.000000	-100.000000
4.190000	15.240599	10.732577	-100.000000	-100.000000
4.200000	15.234274	10.621652	-100.000000	-100.000000
4.210000	15.226334	10.510822	-100.000000	-100.000000
4.220000	15.216781	10.400126	-100.000000	-100.000000
4.230000	15.205614	10.289577	-100.000000	-100.000000
4.240000	15.192839	10.179206	-100.000000	-100.000000
4.250000	15.178455	10.069027	-100.000000	-100.000000
4.260000	15.162468	9.959071	-100.000000	-100.000000
4.270000	15.144881	9.849364	-100.000000	-100.000000
4.280000	15.125698	9.739922	-100.000000	-100.000000
4.290000	15.104921	9.630773	-100.000000	-100.000000
4.300000	15.082556	9.521934	-100.000000	-100.000000
4.310000	15.058608	9.413439	-100.000000	-100.000000
4.320000	15.033081	9.305298	-100.000000	-100.000000
4.330000	15.005982	9.197547	-100.000000	-100.000000
4.340000	14.977314	9.090196	-100.000000	-100.000000
4.350000	14.947087	8.983278	-100.000000	-100.000000
4.360000	14.915303	8.876810	-100.000000	-100.000000
4.370000	14.881973	8.770819	-100.000000	-100.000000
4.380000	14.847100	8.665319	-100.000000	-100.000000
4.390000	14.810697	8.560347	-100.000000	-100.000000
4.400000	14.772763	8.455908	-100.000000	-100.000000
4.410000	14.733316	8.352041	-100.000000	-100.000000
4.420000	14.692356	8.248753	-100.000000	-100.000000
4.430000	14.649899	8.146076	-100.000000	-100.000000
4.440000	14.605947	8.044027	-100.000000	-100.000000
4.450000	14.560515	7.942633	-100.000000	-100.000000
4.460000	14.513608	7.841906	-100.000000	-100.000000
4.470000	14.465241	7.741879	-100.000000	-100.000000
4.480000	14.415420	7.642562	-100.000000	-100.000000
4.490000	14.364159	7.543987	-100.000000	-100.000000
4.500000	14.311463	7.446164	14.311463	7.446164
4.510000	14.257348	7.349119	-100.000000	-100.000000
4.520000	14.201828	7.252879	-100.000000	-100.000000
4.530000	14.144909	7.157452	-100.000000	-100.000000
4.540000	14.086608	7.062871	-100.000000	-100.000000
4.550000	14.026932	6.969143	-100.000000	-100.000000
4.560000	13.965899	6.876299	-100.000000	-100.000000
4.570000	13.903518	6.784351	-100.000000	-100.000000
4.580000	13.839805	6.693326	-100.000000	-100.000000
4.590000	13.774770	6.603233	-100.000000	-100.000000
4.600000	13.708433	6.514104	-100.000000	-100.000000
4.610000	13.640800	6.425945	-100.000000	-100.000000
4.620000	13.571895	6.338787	-100.000000	-100.000000
4.630000	13.501721	6.252636	-100.000000	-100.000000
4.640000	13.430304	6.167521	-100.000000	-100.000000
4.650000	13.357652	6.083454	-100.000000	-100.000000
4.660000	13.283784	6.000456	-100.000000	-100.000000
4.670000	13.208711	5.918540	-100.000000	-100.000000
4.680000	13.132458	5.837731	-100.000000	-100.000000
4.690000	13.055031	5.758037	-100.000000	-100.000000
4.700000	12.976455	5.679485	-100.000000	-100.000000
4.710000	12.896737	5.602081	-100.000000	-100.000000
4.720000	12.815905	5.525850	-100.000000	-100.000000
4.730000	12.733968	5.450803	-100.000000	-100.000000
4.740000	12.650948	5.376961	-100.000000	-100.000000
4.750000	12.566858	5.304334	-100.000000	-100.000000
4.760000	12.481716	5.232937	-100.000000	-100.000000
4.770000	12.395552	5.162795	-100.000000	-100.000000
4.780000	12.308366	5.093910	-100.000000	-100.000000
4.790000	12.220194	5.026309	-100.000000	-100.000000
4.800000	12.131038	4.959993	-100.000000	-100.000000
4.810000	12.040931	4.894988	-100.000000	-100.000000
4.820000	11.949883	4.831301	-100.000000	-100.000000
4.830000	11.857920	4.768949	-100.000000	-100.000000
4.840000	11.765055	4.707942	-100.000000	-100.000000
4.850000	11.671313	4.648296	-100.000000	-100.000000
4.860000	11.576711	4.590021	-100.000000	-100.000000
4.870000	11.481271	4.533133	-100.000000	-100.000000
4.880000	11.385010	4.477638	-100.000000	-100.000000
4.890000	11.287953	4.423555	-100.000000	-100.000000
4.900000	11.190116	4.370890	-100.000000	-100.000000
4.910000	11.091524	4.319658	-100.000000	-100.000000
4.920000	10.992190	4.269865	-100.000000	-100.000000
4.930000	10.892152	4.221528	-100.000000	-100.000000
4.940000	10.791409	4.174651	-100.000000	-100.000000
4.950000	10.690003	4.129250	-100.000000	-100.000000
4.960000	10.587938	4.085328	-100.000000	-100.000000
4.970000	10.485250	4.042900	-100.000000	-100.000000
4.980000	10.381950	4.001973	-100.000000	-100.000000
4.990000	10.278069	3.962555	-100.000000	-100.000000
5.000000	10.173622	3.924654	10.173622	3.924654
5.010000	10.068633	3.888280	-100.000000	-100.000000
5.020000	9.963129	3.853440	-100.000000	-100.000000
5.030000	9.857124	3.820141	-100.000000	-100.000000
5.040000	9.750649	3.788390	-100.000000	-100.000000
5.050000	9.643716	3.758192	-100.000000	-100.000000
5.060000	9.536365	3.729559	-100.000000	-100.000000
5.070000	9.428597	3.702490	-100.000000	-100.000000
5.080000	9.320457	3.676997	-100.000000	-100.000000
5.090000	9.211946	3.653080	-100.000000	-100.000000
5.100000	9.103106	3.630748	-100.000000	-100.000000
5.110000	8.993948	3.610004	-100.000000	-100.000000
5.120000	8.884502	3.590853	-100.000000	-100.000000
5.130000	8.774787	3.573298	-100.000000	-100.000000
5.140000	8.664830	3.557345	-100.000000	-100.000000
5.150000	8.554649	3.542995	-100.000000	-100.000000
5.160000	8.444274	3.530252	-100.000000	-100.000000
5.170000	8.333722	3.519119	-100.000000	-100.000000
5.180000	8.223022	3.509598	-100.000000	-100.000000
5.190000	8.112192	3.501691	-100.000000	-100.000000
5.200000	8.001263	3.495400	-100.000000	-100.000000
5.210000	7.890246	3.490726	-100.000000	-100.000000
5.220000	7.779183	3.487669	-100.000000	-100.000000
5.230000	7.668077	3.486232	-100.000000	-100.000000
5.240000	7.556973	3.486414	-100.000000	-100.000000
5.250000	7.445873	3.488215	-100.000000	-100.000000
5.260000	7.334814	3.491634	-100.000000	-100.000000
5.270000	7.223820	3.496672	-100.000000	-100.000000
5.280000	7.112908	3.503326	-100.000000	-100.000000
5.290000	7.002108	3.511596	-100.000000	-100.000000
5.300000	6.891437	3.521479	-100.000000	-100.000000
5.310000	6.780925	3.532974	-100.000000	-100.000000
5.320000	6.670589	3.546078	-100.000000	-100.000000
5.330000	6.560459	3.560788	-100.000000	-100.000000
5.340000	6.450548	3.577102	-100.000000	-100.000000
5.350000	6.340897	3.595015	-100.000000	-100.000000
5.360000	6.231508	3.614525	-100.000000	-100.000000
5.370000	6.122426	3.635624	-100.000000	-100.000000
5.380000	6.013652	3.658314	-100.000000	-100.000000
5.390000	5.905227	3.682584	-100.000000	-100.000000
5.400000	5.797164	3.708433	-100.000000	-100.000000
5.410000	5.689492	3.735852	-100.000000	-100.000000
5.420000	5.582228	3.764839	-100.000000	-100.000000
5.430000	5.475401	3.795384	-100.000000	-100.000000
5.440000	5.369028	3.827484	-100.000000	-100.000000
5.450000	5.263136	3.861130	-100.000000	-100.000000
5.460000	5.157743	3.896316	-100.000000	-100.000000
5.470000	5.052877	3.933032	-100.000000	-100.000000
5.480000	4.948554	3.971274	-100.000000	-100.000000
5.490000	4.844802	4.011031	-100.000000	-100.000000
5.500000	4.741638	4.052297	4.741638	4.052297
5.510000	4.639082	4.095063	-100.000000	-100.000000
5.520000	4.537168	4.139316	-100.000000	-100.000000
5.530000	4.435905	4.185051	-100.000000	-100.000000
5.540000	4.335323	4.232255	-100.000000	-100.000000
5.550000	4.235436	4.280921	-100.000000	-100.000000
5.560000	4.136272	4.331037	-100.000000	-100.000000
5.570000	4.037846	4.382593	-100.000000	-100.000000
5.580000	3.940184	4.435576	-100.000000	-100.000000
5.590000	3.843302	4.489979	-100.000000	-100.000000
5.600000	3.747226	4.545786	-100.000000	-100.000000
5.610000	3.651970	4.602988	-100.000000	-100.000000
5.620000	3.557561	4.661571	-100.000000	-100.000000
5.630000	3.464010	4.721527	-100.000000	-100.000000
5.640000	3.371351	4.782833	-100.000000	-100.000000
5.650000	3.279586	4.845490	-100.000000	-100.000000
5.660000	3.188753	4.909471	-100.000000	-100.000000
5.670000	3.098853	4.974774	-100.000000	-100.000000
5.680000	3.009921	5.041377	-100.000000	-100.000000
5.690000	2.921964	5.109271	-100.000000	-100.000000
5.700000	2.835010	5.178437	-100.000000	-100.000000
5.710000	2.749070	5.248865	-100.000000	-100.000000
5.720000	2.664168	5.320535	-100.000000	-100.000000
5.730000	2.580316	5.393437	-100.000000	-100.000000
5.740000	2.497539	5.467551	-100.000000	-100.000000
5.750000	2.415848	5.542865	-100.000000	-100.000000
5.760000	2.335260	5.619365	-100.000000	-100.000000
5.770000	2.255803	5.697023	-100.000000	-100.000000
5.780000	2.177478	5.775838	-100.000000	-100.000000
5.790000	2.100318	5.855779	-100.000000	-100.000000
5.800000	2.024323	5.936843	-100.000000	-100.000000
5.810000	1.949523	6.019001	-100.000000	-100.000000
5.820000	1.875925	6.102242	-100.000000	-100.000000
5.830000	1.803550	6.186545	-100.000000	-100.000000
5.840000	1.732410	6.271895	-100.000000	-100.000000
5.850000	1.662522	6.358271	-100.000000	-100.000000
5.860000	1.593899	6.445659	-100.000000	-100.000000
5.870000	1.526558	6.534034	-100.000000	-100.000000
5.880000	1.460510	6.623384	-100.000000	-100.000000
5.890000	1.395773	6.713684	-100.000000	-100.000000
5.900000	1.332357	6.804921	-100.000000	-100.000000
5.910000	1.270279	6.897069	-100.000000	-100.000000
5.920000	1.209546	6.990119	-100.000000	-100.000000
5.930000	1.150181	7.084033	-100.000000	-100.000000
5.940000	1.092186	7.178813	-100.000000	-100.000000
5.950000	1.035583	7.274418	-100.000000	-100.000000
5.960000	0.980374	7.370847	-100.000000	-100.000000
5.970000	0.926580	7.468064	-100.000000	-100.000000
5.980000	0.874206	7.566058	-100.000000	-100.000000
5.990000	0.823267	7.664801	-100.000000	-100.000000
6.000000	0.773771	7.764279	0.773771	7.764279
6.010000	0.725729	7.864468	-100.000000	-100.000000
6.020000	0.679154	7.965343	-100.000000	-100.000000
6.030000	0.634053	8.066889	-100.000000	-100.000000
6.040000	0.590437	8.169079	-100.000000	-100.000000
6.050000	0.548313	8.271899	-100.000000	-100.000000
6.060000	0.507695	8.375313	-100.000000	-100.000000
6.070000	0.468584	8.479318	-100.000000	-100.000000
6.080000	0.430997	8.583870	-100.000000	-100.000000
6.090000	0.394933	8.688971	-100.000000	-100.000000
6.100000	0.360408	8.794579	-100.000000	-100.000000
6.110000	0.327423	8.900681	-100.000000	-100.000000
6.120000	0.295990	9.007250	-100.000000	-100.000000
6.130000	0.266111	9.114269	-100.000000	-100.000000
6.140000	0.237796	9.221708	-100.000000	-100.000000
6.150000	0.211048	9.329553	-100.000000	-100.000000
6.160000	0.185876	9.437772	-100.000000	-100.000000
6.170000	0.162283	9.546350	-100.000000	-100.000000
6.180000	0.140275	9.655256	-100.000000	-100.000000
6.190000	0.119855	9.764475	-100.000000	-100.000000
6.200000	0.101030	9.873977	-100.000000	-100.000000
6.210000	0.083801	9.983747	-100.000000	-100.000000
6.220000	0.068176	10.093748	-100.000000	-100.000000
6.230000	0.054153	10.203975	-100.000000	-100.000000
6.240000	0.041739	10.314384	-100.000000	-100.000000
6.250000	0.030934	10.424973	-100.000000	-100.000000
6.260000	0.021742	10.535703	-100.000000	-100.000000
6.270000	0.014165	10.646552	-100.000000	-100.000000
6.280000	0.008203	10.757504	-100.000000	-100.000000
6.290000	0.003860	10.868526	-100.000000	-100.000000
6.300000	0.001134	10.979605	-100.000000	-100.000000
6.310000	0.000027	11.090708	-100.000000	-100.000000
6.320000	0.000539	11.201818	-100.000000	-100.000000
6.330000	0.002671	11.312905	-100.000000	-100.000000
6.340000	0.006421	11.423958	-100.000000	-100.000000
6.350000	0.011788	11.534932	-100.000000	-100.000000
6.360000	0.018772	11.645827	-100.000000	-100.000000
6.370000	0.027371	11.756598	-100.000000	-100.000000
6.380000	0.037584	11.867244	-100.000000	-100.000000
6.390000	0.049407	11.977720	-100.000000	-100.000000
6.400000	0.062839	12.088017	-100.000000	-100.000000
6.410000	0.077877	12.198103	-100.000000	-100.000000
6.420000	0.094517	12.307961	-100.000000	-100.000000
6.430000	0.112756	12.417562	-100.000000	-100.000000
6.440000	0.132591	12.526889	-100.000000	-100.000000
6.450000	0.154016	12.635912	-100.000000	-100.000000
6.460000	0.177028	12.744615	-100.000000	-100.000000
6.470000	0.201621	12.852966	-100.000000	-100.000000
6.480000	0.227790	12.960953	-100.000000	-100.000000
6.490000	0.255530	13.068542	-100.000000	-100.000000
6.500000	0.284836	13.175723	0.284836	13.175723
6.510000	0.315701	13.282461	-100.000000	-100.000000
6.520000	0.348115	13.388736	-100.000000	-100.000000
6.530000	0.382077	13.494530	-100.000000	-100.000000
6.540000	0.417575	13.599815	-100.000000	-100.000000
6.550000	0.454605	13.704575	-100.000000	-100.000000
6.560000	0.493156	13.808781	-100.000000	-100.000000
6.570000	0.533222	13.912416	-100.000000	-100.000000
6.580000	0.574793	14.015454	-100.000000	-100.000000
6.590000	0.617863	14.117879	-100.000000	-100.000000
6.600000	0.662419	14.219662	-100.000000	-100.000000
6.610000	0.708455	14.320787	-100.000000	-100.000000
6.620000	0.755958	14.421229	-100.000000	-100.000000
6.630000	0.804922	14.520974	-100.000000	-100.000000
6.640000	0.855331	14.619986	-100.000000	-100.000000
6.650000	0.907181	14.718261	-100.000000	-100.000000
6.660000	0.960453	14.815762	-100.000000	-100.000000
6.670000	1.015145	14.912484	-100.000000	-100.000000
6.680000	1.071237	15.008394	-100.000000	-100.000000
6.690000	1.128723	15.103479	-100.000000	-100.000000
6.700000	1.187586	15.197714	-100.000000	-100.000000
6.710000	1.247818	15.291082	-100.000000	-100.000000
6.720000	1.309402	15.383562	-100.000000	-100.000000
6.730000	1.372329	15.475138	-100.000000	-100.000000
6.740000	1.436582	15.565783	-100.000000	-100.000000
6.750000	1.502150	15.655485	-100.000000	-100.000000
6.760000	1.569022	15.744226	-100.000000	-100.000000
6.770000	1.637172	15.831973	-100.000000	-100.000000
6.780000	1.706601	15.918727	-100.000000	-100.000000
6.790000	1.777279	16.004452	-100.000000	-100.000000
6.800000	1.849207	16.089146	-100.000000	-100.000000
6.810000	1.922355	16.172777	-100.000000	-100.000000
6.820000	1.996718	16.255337	-100.000000	-100.000000
6.830000	2.072272	16.336802	-100.000000	-100.000000
6.840000	2.149009	16.417158	-100.000000	-100.000000
6.850000	2.226905	16.496387	-100.000000	-100.000000
6.860000	2.305951	16.574474	-100.000000	-100.000000
6.870000	2.386123	16.651398	-100.000000	-100.000000
6.880000	2.467410	16.727150	-100.000000	-100.000000
6.890000	2.549790	16.801704	-100.000000	-100.000000
6.900000	2.633250	16.875055	-100.000000	-100.000000
6.910000	2.717767	16.947178	-100.000000	-100.000000
6.920000	2.803332	17.018068	-100.000000	-100.000000
6.930000	2.889912	17.087696	-100.000000	-100.000000
6.940000	2.977506	17.156061	-100.000000	-100.000000
6.950000	3.066079	17.223137	-100.000000	-100.000000
6.960000	3.155628	17.288921	-100.000000	-100.000000
6.970000	3.246120	17.353390	-100.000000	-100.000000
6.980000	3.337545	17.416534	-100.000000	-100.000000
6.990000	3.429878	17.478336	-100.000000	-100.000000
7.000000	3.523104	17.538792	3.523104	17.538792
7.010000	3.617201	17.597879	-100.000000	-100.000000
7.020000	3.712147	17.655590	-100.000000	-100.000000
7.030000	3.807926	17.711910	-100.000000	-100.000000
7.040000	3.904512	17.766830	-100.000000	-100.000000
7.050000	4.001895	17.820339	-100.000000	-100.000000
7.060000	4.100038	17.872417	-100.000000	-100.000000
7.070000	4.198938	17.923065	-100.000000	-100.000000
7.080000	4.298557	17.972261	-100.000000	-100.000000
7.090000	4.398891	18.020008	-100.000000	-100.000000
7.100000	4.499905	18.066280	-100.000000	-100.000000
7.110000	4.601584	18.111080	-100.000000	-100.000000
7.120000	4.703903	18.154392	-100.000000	-100.000000
7.130000	4.806845	18.196209	-100.000000	-100.000000
7.140000	4.910382	18.236521	-100.000000	-100.000000
7.150000	5.014499	18.275322	-100.000000	-100.000000
7.160000	5.119167	18.312599	-100.000000	-100.000000
7.170000	5.224371	18.348349	-100.000000	-100.000000
7.180000	5.330081	18.382561	-100.000000	-100.000000
7.190000	5.436281	18.415228	-100.000000	-100.000000
7.200000	5.542943	18.446344	-100.000000	-100.000000
7.210000	5.650054	18.475906	-100.000000	-100.000000
7.220000	5.757574	18.503901	-100.000000	-100.000000
7.230000	5.865500	18.530327	-100.000000	-100.000000
7.240000	5.973790	18.555178	-100.000000	-100.000000
7.250000	6.082441	18.578449	-100.000000	-100.000000
7.260000	6.191416	18.600134	-100.000000	-100.000000
7.270000	6.300692	18.620228	-100.000000	-100.000000
7.280000	6.410253	18.638727	-100.000000	-100.000000
7.290000	6.520068	18.655628	-100.000000	-100.000000
7.300000	6.630121	18.670929	-100.000000	-100.000000
7.310000	6.740382	18.684622	-100.000000	-100.000000
7.320000	6.850834	18.696709	-100.000000	-100.000000
7.330000	6.961447	18.707184	-100.000000	-100.000000
7.340000	7.072208	18.716045	-100.000000	-100.000000
7.350000	7.183076	18.723293	-100.000000	-100.000000
7.360000	7.294048	18.728926	-100.000000	-100.000000
7.370000	7.405080	18.732939	-100.000000	-100.000000
7.380000	7.516170	18.735334	-100.000000	-100.000000
7.390000	7.627275	18.736111	-100.000000	-100.000000
7.400000	7.738383	18.735268	-100.000000	-100.000000
7.410000	7.849464	18.732807	-100.000000	-100.000000
7.420000	7.960501	18.728725	-100.000000	-100.000000
7.430000	8.071463	18.723028	-100.000000	-100.000000
7.440000	8.182333	18.715715	-100.000000	-100.000000
7.450000	8.293082	18.706787	-100.000000	-100.000000
7.460000	8.403692	18.696245	-100.000000	-100.000000
7.470000	8.514133	18.684093	-100.000000	-100.000000
7.480000	8.624391	18.670334	-100.000000	-100.000000
7.490000	8.734430	18.654968	-100.000000	-100.000000
7.500000	8.844239	18.638000	8.844239	18.638000
7.510000	8.953789	18.619436	-100.000000	-100.000000
7.520000	9.063056	18.599276	-100.000000	-100.000000
7.530000	9.172018	18.577526	-100.000000	-100.000000
7.540000	9.280644	18.554192	-100.000000	-100.000000
7.550000	9.388934	18.529276	-100.000000	-100.000000
7.560000	9.496834	18.502787	-100.000000	-100.000000
7.570000	9.604344	18.474726	-100.000000	-100.000000
7.580000	9.711427	18.445103	-100.000000	-100.000000
7.590000	9.818081	18.413919	-100.000000	-100.000000
7.600000	9.924254	18.381189	-100.000000	-100.000000
7.610000	10.029947	18.346914	-100.000000	-100.000000
7.620000	10.135130	18.311102	-100.000000	-100.000000
7.630000	10.239779	18.273762	-100.000000	-100.000000
7.640000	10.343865	18.234901	-100.000000	-100.000000
7.650000	10.447382	18.194527	-100.000000	-100.000000
7.660000	10.550300	18.152649	-100.000000	-100.000000
7.670000	10.652596	18.109274	-100.000000	-100.000000
7.680000	10.754242	18.064417	-100.000000	-100.000000
7.690000	10.855230	18.018082	-100.000000	-100.000000
7.700000	10.955534	17.970278	-100.000000	-100.000000
7.710000	11.055129	17.921019	-100.000000	-100.000000
7.720000	11.153990	17.870316	-100.000000	-100.000000
7.730000	11.252114	17.818172	-100.000000	-100.000000
7.740000	11.349456	17.764610	-100.000000	-100.000000
7.750000	11.446012	17.709633	-100.000000	-100.000000
7.760000	11.541758	17.653254	-100.000000	-100.000000
7.770000	11.636672	17.595486	-100.000000	-100.000000
7.780000	11.730734	17.536341	-100.000000	-100.000000
7.790000	11.823918	17.475834	-100.000000	-100.000000
7.800000	11.916217	17.413975	-100.000000	-100.000000
7.810000	12.007604	17.350775	-100.000000	-100.000000
7.820000	12.098061	17.286251	-100.000000	-100.000000
7.830000	12.187562	17.220419	-100.000000	-100.000000
7.840000	12.276106	17.153282	-100.000000	-100.000000
7.850000	12.363650	17.084871	-100.000000	-100.000000
7.860000	12.450195	17.015186	-100.000000	-100.000000
7.870000	12.535709	16.944254	-100.000000	-100.000000
7.880000	12.620192	16.872072	-100.000000	-100.000000
7.890000	12.703602	16.798677	-100.000000	-100.000000
7.900000	12.785940	16.724072	-100.000000	-100.000000
7.910000	12.867182	16.648272	-100.000000	-100.000000
7.920000	12.947311	16.571297	-100.000000	-100.000000
7.930000	13.026304	16.493168	-100.000000	-100.000000
7.940000	13.104156	16.413891	-100.000000	-100.000000
7.950000	13.180845	16.333487	-100.000000	-100.000000
7.960000	13.256353	16.251974	-100.000000	-100.000000
7.970000	13.330662	16.169376	-100.000000	-100.000000
7.980000	13.403763	16.085699	-100.000000	-100.000000
7.990000	13.475637	16.000965	-100.000000	-100.000000
8.000000	13.546269	15.915192	13.546269	15.915192
8.010000	13.615644	15.828400	-100.000000	-100.000000
8.020000	13.683746	15.740604	-100.000000	-100.000000
8.030000	13.750558	15.651834	-100.000000	-100.000000
8.040000	13.816073	15.562092	-100.000000	-100.000000
8.050000	13.880274	15.471405	-100.000000	-100.000000
8.060000	13.943147	15.379793	-100.000000	-100.000000
8.070000	14.004674	15.287280	-100.000000	-100.000000
8.080000	14.064850	15.193874	-100.000000	-100.000000
8.090000	14.123658	15.099602	-100.000000	-100.000000
8.100000	14.181091	15.004477	-100.000000	-100.000000
8.110000	14.237121	14.908543	-100.000000	-100.000000
8.120000	14.291753	14.811790	-100.000000	-100.000000
8.130000	14.344974	14.714245	-100.000000	-100.000000
8.140000	14.396764	14.615942	-100.000000	-100.000000
8.150000	14.447109	14.516907	-100.000000	-100.000000
8.160000	14.496014	14.417136	-100.000000	-100.000000
8.170000	14.543461	14.316657	-100.000000	-100.000000
8.180000	14.589437	14.215503	-100.000000	-100.000000
8.190000	14.633927	14.113704	-100.000000	-100.000000
8.200000	14.676938	14.011247	-100.000000	-100.000000
8.210000	14.718450	13.908180	-100.000000	-100.000000
8.220000	14.758454	13.804521	-100.000000	-100.000000
8.230000	14.796942	13.700295	-100.000000	-100.000000
8.240000	14.833909	13.595513	-100.000000	-100.000000
8.250000	14.869346	13.490204	-100.000000	-100.000000
8.260000	14.903243	13.384390	-100.000000	-100.000000
8.270000	14.935596	13.278092	-100.000000	-100.000000
8.280000	14.966394	13.171342	-100.000000	-100.000000
8.290000	14.995636	13.064148	-100.000000	-100.000000
8.300000	15.023313	12.956538	-100.000000	-100.000000
8.310000	15.049417	12.848536	-100.000000	-100.000000
8.320000	15.073945	12.740173	-100.000000	-100.000000
8.330000	15.096892	12.631457	-100.000000	-100.000000
8.340000	15.118253	12.522418	-100.000000	-100.000000
8.350000	15.138022	12.413079	-100.000000	-100.000000
8.360000	15.156195	12.303472	-100.000000	-100.000000
8.370000	15.172771	12.193603	-100.000000	-100.000000
8.380000	15.187743	12.083505	-100.000000	-100.000000
8.390000	15.201110	11.973193	-100.000000	-100.000000
8.400000	15.212866	11.862720	-100.000000	-100.000000
8.410000	15.223013	11.752072	-100.000000	-100.000000
8.420000	15.231546	11.641281	-100.000000	-100.000000
8.430000	15.238463	11.530385	-100.000000	-100.000000
8.440000	15.243765	11.419415	-100.000000	-100.000000
8.450000	15.247448	11.308364	-100.000000	-100.000000
8.460000	15.249514	11.197265	-100.000000	-100.000000
8.470000	15.249959	11.086154	-100.000000	-100.000000
8.480000	15.248786	10.975063	-100.000000	-100.000000
8.490000	15.245995	10.863979	-100.000000	-100.000000
8.500000	15.241584	10.752955	15.241584	10.752955
8.510000	15.235557	10.642007	-100.000000	-100.000000
8.520000	15.227913	10.531158	-100.000000	-100.000000
8.530000	15.218655	10.420441	-100.000000	-100.000000
8.540000	15.207785	10.309862	-100.000000	-100.000000
8.550000	15.195304	10.199453	-100.000000	-100.000000
8.560000	15.181216	10.089239	-100.000000	-100.000000
8.570000	15.165524	9.979248	-100.000000	-100.000000
8.580000	15.148232	9.869491	-100.000000	-100.000000
8.590000	15.129340	9.759996	-100.000000	-100.000000
8.600000	15.108855	9.650789	-100.000000	-100.000000
8.610000	15.086782	9.541900	-100.000000	-100.000000
8.620000	15.063125	9.433336	-100.000000	-100.000000
8.630000	15.037888	9.325129	-100.000000	-100.000000
8.640000	15.011075	9.217300	-100.000000	-100.000000
8.650000	14.982697	9.109881	-100.000000	-100.000000
8.660000	14.952755	9.002880	-100.000000	-100.000000
8.670000	14.921257	8.896327	-100.000000	-100.000000
8.680000	14.888206	8.790236	-100.000000	-100.000000
8.690000	14.853621	8.684660	-100.000000	-100.000000
8.700000	14.817496	8.579585	-100.000000	-100.000000
8.710000	14.779841	8.475040	-100.000000	-100.000000
8.720000	14.740670	8.371063	-100.000000	-100.000000
8.730000	14.699993	8.267680	-100.000000	-100.000000
8.740000	14.657808	8.164888	-100.000000	-100.000000
8.750000	14.614128	8.062715	-100.000000	-100.000000
8.760000	14.568965	7.961195	-100.000000	-100.000000
8.770000	14.522329	7.860345	-100.000000	-100.000000
8.780000	14.474231	7.760191	-100.000000	-100.000000
8.790000	14.424675	7.660743	-100.000000	-100.000000
8.800000	14.373675	7.562027	-100.000000	-100.000000
8.810000	14.321243	7.464065	-100.000000	-100.000000
8.820000	14.267392	7.366882	-100.000000	-100.000000
8.830000	14.212128	7.270490	-100.000000	-100.000000
8.840000	14.155464	7.174912	-100.000000	-100.000000
8.850000	14.097415	7.080171	-100.000000	-100.000000
8.860000	14.037993	6.986291	-100.000000	-100.000000
8.870000	13.977208	6.893281	-100.000000	-100.000000
8.880000	13.915072	6.801167	-100.000000	-100.000000
8.890000	13.851602	6.709968	-100.000000	-100.000000
8.900000	13.786814	6.619709	-100.000000	-100.000000
8.910000	13.720712	6.530399	-100.000000	-100.000000
8.920000	13.653316	6.442060	-100.000000	-100.000000
8.930000	13.584641	6.354714	-100.000000	-100.000000
8.940000	13.514705	6.268383	-100.000000	-100.000000
8.950000	13.443512	6.183074	-100.000000	-100.000000
8.960000	13.371085	6.098813	-100.000000	-100.000000
8.970000	13.297433	6.015610	-100.000000	-100.000000
8.980000	13.222590	5.933505	-100.000000	-100.000000
8.990000	13.146550	5.852489	-100.000000	-100.000000
9.000000	13.069337	5.772589	13.069337	5.772589
9.010000	12.990963	5.693818	-100.000000	-100.000000
9.020000	12.911454	5.616202	-100.000000	-100.000000
9.030000	12.830834	5.539763	-100.000000	-100.000000
9.040000	12.749093	5.464492	-100.000000	-100.000000
9.050000	12.666268	5.390425	-100.000000	-100.000000
9.060000	12.582373	5.317573	-100.000000	-100.000000
9.070000	12.497431	5.245956	-100.000000	-100.000000
9.080000	12.411449	5.175580	-100.000000	-100.000000
9.090000	12.324450	5.106463	-100.000000	-100.000000
9.100000	12.236454	5.038622	-100.000000	-100.000000
9.110000	12.147484	4.972075	-100.000000	-100.000000
9.120000	12.057549	4.906826	-100.000000	-100.000000
9.130000	11.966671	4.842896	-100.000000	-100.000000
9.140000	11.874872	4.780296	-100.000000	-100.000000
9.150000	11.782177	4.719045	-100.000000	-100.000000
9.160000	11.688592	4.659147	-100.000000	-100.000000
9.170000	11.594145	4.600618	-100.000000	-100.000000
9.180000	11.498856	4.543473	-100.000000	-100.000000
9.190000	11.402749	4.487725	-100.000000	-100.000000
9.200000	11.305835	4.433381	-100.000000	-100.000000
9.210000	11.208138	4.380454	-100.000000	-100.000000
9.220000	11.109681	4.328956	-100.000000	-100.000000
9.230000	11.010491	4.278902	-100.000000	-100.000000
9.240000	10.910575	4.230295	-100.000000	-100.000000
9.250000	10.809961	4.183149	-100.000000	-100.000000
9.260000	10.708665	4.137472	-100.000000	-100.000000
9.270000	10.606720	4.093279	-100.000000	-100.000000
9.280000	10.504156	4.050581	-100.000000	-100.000000
9.290000	10.400968	4.009376	-100.000000	-100.000000
9.300000	10.297182	3.969677	-100.000000	-100.000000
9.310000	10.192836	3.931497	-100.000000	-100.000000
9.320000	10.087958	3.894847	-100.000000	-100.000000
9.330000	9.982537	3.859722	-100.000000	-100.000000
9.340000	9.876622	3.826138	-100.000000	-100.000000
9.350000	9.770229	3.794102	-100.000000	-100.000000
9.360000	9.663387	3.763621	-100.000000	-100.000000
9.370000	9.556107	3.734699	-100.000000	-100.000000
9.380000	9.448415	3.707342	-100.000000	-100.000000
9.390000	9.340337	3.681559	-100.000000	-100.000000
9.400000	9.231901	3.657353	-100.000000	-100.000000
9.410000	9.123116	3.634730	-100.000000	-100.000000
9.420000	9.014015	3.613693	-100.000000	-100.000000
9.430000	8.904617	3.594250	-100.000000	-100.000000
9.440000	8.794956	3.576402	-100.000000	-100.000000
9.450000	8.685039	3.560154	-100.000000	-100.000000
9.460000	8.574897	3.545510	-100.000000	-100.000000
9.470000	8.464553	3.532471	-100.000000	-100.000000
9.480000	8.354037	3.521043	-100.000000	-100.000000
9.490000	8.243361	3.511226	-100.000000	-100.000000
9.500000	8.132552	3.503022	8.132552	3.503022
9.510000	8.021636	3.496434	-100.000000	-100.000000
9.520000	7.910628	3.491462	-100.000000	-100.000000
9.530000	7.799582	3.488110	-100.000000	-100.000000
9.540000	7.688484	3.486375	-100.000000	-100.000000
9.550000	7.577365	3.486259	-100.000000	-100.000000
9.560000	7.466264	3.487763	-100.000000	-100.000000
9.570000	7.355211	3.490885	-100.000000	-100.000000
9.580000	7.244200	3.495625	-100.000000	-100.000000
9.590000	7.133263	3.501983	-100.000000	-100.000000
9.600000	7.022438	3.509957	-100.000000	-100.000000
9.610000	6.911756	3.519543	-100.000000	-100.000000
9.620000	6.801202	3.530743	-100.000000	-100.000000
9.630000	6.690832	3.543551	-100.000000	-100.000000
9.640000	6.580659	3.557967	-100.000000	-100.000000
9.650000	6.470716	3.573986	-100.000000	-100.000000
9.660000	6.361010	3.591606	-100.000000	-100.000000
9.670000	6.251573	3.610822	-100.000000	-100.000000
9.680000	6.142427	3.631632	-100.000000	-100.000000
9.690000	6.033603	3.654028	-100.000000	-100.000000
9.700000	5.925110	3.678009	-100.000000	-100.000000
9.710000	5.816978	3.703568	-100.000000	-100.000000
9.720000	5.709230	3.730700	-100.000000	-100.000000
9.730000	5.601896	3.759398	-100.000000	-100.000000
9.740000	5.494985	3.789659	-100.000000	-100.000000
9.750000	5.388525	3.821474	-100.000000	-100.000000
9.760000	5.282541	3.854837	-100.000000	-100.000000
9.770000	5.177054	3.889740	-100.000000	-100.000000
9.780000	5.072093	3.926175	-100.000000	-100.000000
9.790000	4.967669	3.964139	-100.000000	-100.000000
9.800000	4.863808	4.003619	-100.000000	-100.000000
9.810000	4.760526	4.044611	-100.000000	-100.000000
9.820000	4.657874	4.087096	-100.000000	-100.000000
9.830000	4.555837	4.131077	-100.000000	-100.000000
9.840000	4.454446	4.176544	-100.000000	-100.000000
9.850000	4.353734	4.223481	-100.000000	-100.000000
9.860000	4.253731	4.271873	-100.000000	-100.000000
9.870000	4.154430	4.321724	-100.000000	-100.000000
9.880000	4.055860	4.373020	-100.000000	-100.000000
9.890000	3.958054	4.425744	-100.000000	-100.000000
9.900000	3.861039	4.479880	-100.000000	-100.000000
9.910000	3.764804	4.535434	-100.000000	-100.000000
9.920000	3.669396	4.592382	-100.000000	-100.000000
9.930000	3.574828	4.650713	-100.000000	-100.000000
9.940000	3.481125	4.710413	-100.000000	-100.000000
9.950000	3.388297	4.771476	-100.000000	-100.000000
9.960000	3.296368	4.833884	-100.000000	-100.000000
9.970000	3.205358	4.897626	-100.000000	-100.000000
9.980000	3.115293	4.962683	-100.000000	-100.000000
9.990000	3.026178	5.029049	-100.000000	-100.000000
10.000000	2.938041	5.096708	2.938041	5.096708
10.010000	2.850899	5.165643	-100.000000	-100.000000
10.020000	2.764771	5.235840	-100.000000	-100.000000
10.030000	2.679680	5.307281	-100.000000	-100.000000
10.040000	2.595634	5.379959	-100.000000	-100.000000
10.050000	2.512656	5.453853	-100.000000	-100.000000
10.060000	2.430763	5.528949	-100.000000	-100.000000
10.070000	2.349979	5.605225	-100.000000	-100.000000
10.080000	2.270309	5.682675	-100.000000	-100.000000
10.090000	2.191776	5.761278	-100.000000	-100.000000
10.100000	2.114393	5.841022	-100.000000	-100.000000
10.110000	2.038194	5.921870	-100.000000	-100.000000
10.120000	1.963171	6.003829	-100.000000	-100.000000
10.130000	1.889346	6.086879	-100.000000	-100.000000
10.140000	1.816744	6.170990	-100.000000	-100.000000
10.150000	1.745384	6.256140	-100.000000	-100.000000
10.160000	1.675264	6.342330	-100.000000	-100.000000
10.170000	1.606402	6.429540	-100.000000	-100.000000
10.180000	1.538823	6.517738	-100.000000	-100.000000
10.190000	1.472545	6.606899	-100.000000	-100.000000
10.200000	1.407560	6.697035	-100.000000	-100.000000
10.210000	1.343900	6.788102	-100.000000	-100.000000
10.220000	1.281573	6.880086	-100.000000	-100.000000
10.230000	1.220598	6.972964	-100.000000	-100.000000
10.240000	1.160978	7.066725	-100.000000	-100.000000
10.250000	1.102732	7.161346	-100.000000	-100.000000
10.260000	1.045870	7.256805	-100.000000	-100.000000
10.270000	0.990405	7.353084	-100.000000	-100.000000
10.280000	0.936352	7.450153	-100.000000	-100.000000
10.290000	0.883716	7.548006	-100.000000	-100.000000
10.300000	0.832511	7.646616	-100.000000	-100.000000
10.310000	0.782749	7.745962	-100.000000	-100.000000
10.320000	0.734443	7.846015	-100.000000	-100.000000
10.330000	0.687597	7.946768	-100.000000	-100.000000
10.340000	0.642224	8.048193	-100.000000	-100.000000
10.350000	0.598334	8.150269	-100.000000	-100.000000
10.360000	0.555938	8.252967	-100.000000	-100.000000
10.370000	0.515041	8.356277	-100.000000	-100.000000
10.380000	0.475653	8.460175	-100.000000	-100.000000
10.390000	0.437781	8.564640	-100.000000	-100.000000
10.400000	0.401443	8.669626	-100.000000	-100.000000
10.410000	0.366633	8.775145	-100.000000	-100.000000
10.420000	0.333363	8.881166	-100.000000	-100.000000
10.430000	0.301643	8.987654	-100.000000	-100.000000
10.440000	0.271482	9.094578	-100.000000	-100.000000
10.450000	0.242879	9.201944	-100.000000	-100.000000
10.460000	0.215841	9.309724	-100.000000	-100.000000
10.470000	0.190379	9.417879	-100.000000	-100.000000
10.480000	0.166498	9.526379	-100.000000	-100.000000
10.490000	0.144196	9.635237	-100.000000	-100.000000
10.500000	0.123485	9.744401	0.123485	9.744401
10.510000	0.104366	9.853855	-100.000000	-100.000000
10.520000	0.086844	9.963576	-100.000000	-100.000000
10.530000	0.070924	10.073534	-100.000000	-100.000000
10.540000	0.056607	10.183720	-100.000000	-100.000000
10.550000	0.043897	10.294102	-100.000000	-100.000000
10.560000	0.032797	10.404657	-100.000000	-100.000000
10.570000	0.023309	10.515356	-100.000000	-100.000000
10.580000	0.015435	10.626188	-100.000000	-100.000000
10.590000	0.009177	10.737123	-100.000000	-100.000000
10.600000	0.004536	10.848139	-100.000000	-100.000000
10.610000	0.001513	10.959202	-100.000000	-100.000000
10.620000	0.000109	11.070305	-100.000000	-100.000000
10.630000	-0.000324	11.181416	-100.000000	-100.000000
10.640000	-0.002158	11.292512	-100.000000	-100.000000
10.650000	-0.005610	11.403563	-100.000000	-100.000000
10.660000	-0.010681	11.514559	-100.000000	-100.000000
10.670000	-0.017368	11.625469	-100.000000	-100.000000
10.680000	-0.025671	11.736278	-100.000000	-100.000000
10.690000	-0.035587	11.846931	-100.000000	-100.000000
10.700000	-0.047115	11.957443	-100.000000	-100.000000
10.710000	-0.060253	12.067782	-100.000000	-100.000000
10.720000	-0.074996	12.177912	-100.000000	-100.000000
10.730000	-0.091340	12.287800	-100.000000	-100.000000
10.740000	-0.109286	12.397452	-100.000000	-100.000000
10.750000	-0.128830	12.506840	-100.000000	-100.000000
10.760000	-0.149964	12.615923	-100.000000	-100.000000
10.770000	-0.172685	12.724686	-100.000000	-100.000000
10.780000	-0.196987	12.833100	-100.000000	-100.000000
10.790000	-0.222868	12.941155	-100.000000	-100.000000
10.800000	-0.250320	13.048822	-100.000000	-100.000000
10.810000	-0.279339	13.156078	-100.000000	-100.000000
10.820000	-0.309916	13.262892	-100.000000	-100.000000
10.830000	-0.342047	13.369256	-100.000000	-100.000000
10.840000	-0.375725	13.475141	-100.000000	-100.000000
10.850000	-0.410943	13.580523	-100.000000	-100.000000
10.860000	-0.447690	13.685375	-100.000000	-100.000000
10.870000	-0.485962	13.789687	-100.000000	-100.000000
10.880000	-0.525752	13.893430	-100.000000	-100.000000
10.890000	-0.567048	13.996582	-100.000000	-100.000000
10.900000	-0.609841	14.099115	-100.000000	-100.000000
10.910000	-0.654126	14.201020	-100.000000	-100.000000
10.920000	-0.699891	14.302269	-100.000000	-100.000000
10.930000	-0.747127	14.402840	-100.000000	-100.000000
10.940000	-0.795819	14.502706	-100.000000	-100.000000
10.950000	-0.845965	14.601858	-100.000000	-100.000000
10.960000	-0.897552	14.700269	-100.000000	-100.000000
10.970000	-0.950569	14.797924	-100.000000	-100.000000
10.980000	-1.004993	14.894777	-100.000000	-100.000000
10.990000	-1.060830	14.990840	-100.000000	-100.000000
11.000000	-1.118065	15.086085	-1.118065	15.086085
11.010000	-1.176678	15.180479	-100.000000	-100.000000
11.020000	-1.236660	15.274010	-100.000000	-100.000000
11.030000	-1.297990	15.366644	-100.000000	-100.000000
11.040000	-1.360676	15.458393	-100.000000	-100.000000
11.050000	-1.424688	15.549213	-100.000000	-100.000000
11.060000	-1.490017	15.639091	-100.000000	-100.000000
11.070000	-1.556643	15.728001	-100.000000	-100.000000
11.080000	-1.624564	15.815937	-100.000000	-100.000000
11.090000	-1.693758	15.902873	-100.000000	-100.000000
11.100000	-1.764211	15.988792	-100.000000	-100.000000
11.110000	-1.835904	16.073669	-100.000000	-100.000000
11.120000	-1.908832	16.157499	-100.000000	-100.000000
11.130000	-1.982973	16.240257	-100.000000	-100.000000
11.140000	-2.058312	16.321926	-100.000000	-100.000000
11.150000	-2.134828	16.402485	-100.000000	-100.000000
11.160000	-2.212514	16.481922	-100.000000	-100.000000
11.170000	-2.291350	16.560223	-100.000000	-100.000000
11.180000	-2.371319	16.637363	-100.000000	-100.000000
11.190000	-2.452398	16.713326	-100.000000	-100.000000
11.200000	-2.534581	16.788105	-100.000000	-100.000000
11.210000	-2.617844	16.861677	-100.000000	-100.000000
11.220000	-2.702171	16.934029	-100.000000	-100.000000
