0.000000	0.000000	0.000000	0.000000	0.000000
0.010000	0.000000	0.000278	-100.000000	-100.000000
0.020000	0.000000	0.001111	-100.000000	-100.000000
0.030000	0.000000	0.002500	-100.000000	-100.000000
0.040000	0.000000	0.004444	-100.000000	-100.000000
0.050000	0.000000	0.006944	-100.000000	-100.000000
0.060000	0.000000	0.010000	-100.000000	-100.000000
0.070000	0.000000	0.013611	-100.000000	-100.000000
0.080000	0.000000	0.017778	-100.000000	-100.000000
0.090000	0.000000	0.022500	-100.000000	-100.000000
0.100000	0.000000	0.027778	-100.000000	-100.000000
0.110000	0.000000	0.033611	-100.000000	-100.000000
0.120000	0.000000	0.040000	-100.000000	-100.000000
0.130000	0.000000	0.046944	-100.000000	-100.000000
0.140000	0.000000	0.054444	-100.000000	-100.000000
0.150000	0.000000	0.062500	-100.000000	-100.000000
0.160000	0.000000	0.071111	-100.000000	-100.000000
0.170000	0.000000	0.080278	-100.000000	-100.000000
0.180000	0.000000	0.090000	-100.000000	-100.000000
0.190000	0.000000	0.100278	-100.000000	-100.000000
0.200000	0.000000	0.111111	-100.000000	-100.000000
0.210000	0.000000	0.122500	-100.000000	-100.000000
0.220000	0.000000	0.134444	-100.000000	-100.000000
0.230000	0.000000	0.146944	-100.000000	-100.000000
0.240000	0.000000	0.160000	-100.000000	-100.000000
0.250000	0.000000	0.173611	-100.000000	-100.000000
0.260000	0.000000	0.187778	-100.000000	-100.000000
0.270000	0.000000	0.202500	-100.000000	-100.000000
0.280000	0.000000	0.217778	-100.000000	-100.000000
0.290000	0.000000	0.233611	-100.000000	-100.000000
0.300000	0.000000	0.250000	-100.000000	-100.000000
0.310000	0.000000	0.266944	-100.000000	-100.000000
0.320000	0.000000	0.284444	-100.000000	-100.000000
0.330000	0.000000	0.302500	-100.000000	-100.000000
0.340000	0.000000	0.321111	-100.000000	-100.000000
0.350000	0.000000	0.340278	-100.000000	-100.000000
0.360000	0.000000	0.360000	-100.000000	-100.000000
0.370000	0.000000	0.380278	-100.000000	-100.000000
0.380000	0.000000	0.401111	-100.000000	-100.000000
0.390000	0.000000	0.422500	-100.000000	-100.000000
0.400000	0.000000	0.444444	-100.000000	-100.000000
0.410000	0.000000	0.466944	-100.000000	-100.000000
0.420000	0.000000	0.490000	-100.000000	-100.000000
0.430000	0.000000	0.513611	-100.000000	-100.000000
0.440000	0.000000	0.537778	-100.000000	-100.000000
0.450000	0.000000	0.562500	-100.000000	-100.000000
0.460000	0.000000	0.587778	-100.000000	-100.000000
0.470000	0.000000	0.613611	-100.000000	-100.000000
0.480000	0.000000	0.640000	-100.000000	-100.000000
0.490000	0.000000	0.666944	-100.000000	-100.000000
0.500000	0.000000	0.694444	0.000000	0.694444
0.510000	0.000000	0.722500	-100.000000	-100.000000
0.520000	0.000000	0.751111	-100.000000	-100.000000
0.530000	0.000000	0.780278	-100.000000	-100.000000
0.540000	0.000000	0.810000	-100.000000	-100.000000
0.550000	0.000000	0.840278	-100.000000	-100.000000
0.560000	0.000000	0.871111	-100.000000	-100.000000
0.570000	0.000000	0.902500	-100.000000	-100.000000
0.580000	0.000000	0.934444	-100.000000	-100.000000
0.590000	0.000000	0.966944	-100.000000	-100.000000
0.600000	0.000000	1.000000	-100.000000	-100.000000
0.610000	0.000000	1.033611	-100.000000	-100.000000
0.620000	0.000000	1.067778	-100.000000	-100.000000
0.630000	0.000000	1.102500	-100.000000	-100.000000
0.640000	0.000000	1.137778	-100.000000	-100.000000
0.650000	0.000000	1.173611	-100.000000	-100.000000
0.660000	0.000000	1.210000	-100.000000	-100.000000
0.670000	0.000000	1.246944	-100.000000	-100.000000
0.680000	0.000000	1.284444	-100.000000	-100.000000
0.690000	0.000000	1.322500	-100.000000	-100.000000
0.700000	0.000000	1.361111	-100.000000	-100.000000
0.710000	0.000000	1.400278	-100.000000	-100.000000
0.720000	0.000000	1.440000	-100.000000	-100.000000
0.730000	0.000000	1.480278	-100.000000	-100.000000
0.740000	0.000000	1.521111	-100.000000	-100.000000
0.750000	0.000000	1.562500	-100.000000	-100.000000
0.760000	0.000000	1.604444	-100.000000	-100.000000
0.770000	0.000000	1.646944	-100.000000	-100.000000
0.780000	0.000000	1.690000	-100.000000	-100.000000
0.790000	0.000000	1.733611	-100.000000	-100.000000
0.800000	0.000000	1.777778	-100.000000	-100.000000
0.810000	0.000000	1.822500	-100.000000	-100.000000
0.820000	0.000000	1.867778	-100.000000	-100.000000
0.830000	0.000000	1.913611	-100.000000	-100.000000
0.840000	0.000000	1.960000	-100.000000	-100.000000
0.850000	0.000000	2.006944	-100.000000	-100.000000
0.860000	0.000000	2.054445	-100.000000	-100.000000
0.870000	0.000000	2.102500	-100.000000	-100.000000
0.880000	0.000000	2.151111	-100.000000	-100.000000
0.890000	0.000000	2.200278	-100.000000	-100.000000
0.900000	0.000000	2.250000	-100.000000	-100.000000
0.910000	0.000000	2.300278	-100.000000	-100.000000
0.920000	0.000000	2.351111	-100.000000	-100.000000
0.930000	0.000000	2.402500	-100.000000	-100.000000
0.940000	0.000000	2.454444	-100.000000	-100.000000
0.950000	0.000000	2.506944	-100.000000	-100.000000
0.960000	0.000000	2.560000	-100.000000	-100.000000
0.970000	0.000000	2.613611	-100.000000	-100.000000
0.980000	0.000000	2.667778	-100.000000	-100.000000
0.990000	0.000000	2.722500	-100.000000	-100.000000
1.000000	0.000000	2.777778	0.000000	2.777778
1.010000	0.000000	2.833611	-100.000000	-100.000000
1.020000	0.000000	2.890000	-100.000000	-100.000000
1.030000	0.000000	2.946944	-100.000000	-100.000000
1.040000	0.000000	3.004444	-100.000000	-100.000000
1.050000	0.000000	3.062500	-100.000000	-100.000000
1.060000	0.000000	3.121111	-100.000000	-100.000000
1.070000	0.000000	3.180278	-100.000000	-100.000000
1.080000	0.000000	3.240000	-100.000000	-100.000000
1.090000	0.000000	3.300278	-100.000000	-100.000000
1.100000	0.000000	3.361111	-100.000000	-100.000000
1.110000	0.000000	3.422500	-100.000000	-100.000000
1.120000	0.000000	3.484444	-100.000000	-100.000000
1.130000	0.000000	3.546944	-100.000000	-100.000000
1.140000	0.000000	3.610000	-100.000000	-100.000000
1.150000	0.000000	3.673611	-100.000000	-100.000000
1.160000	0.000000	3.737777	-100.000000	-100.000000
1.170000	0.000000	3.802500	-100.000000	-100.000000
1.180000	0.000000	3.867777	-100.000000	-100.000000
1.190000	0.000000	3.933611	-100.000000	-100.000000
1.200000	0.000000	4.000000	-100.000000	-100.000000
1.210000	0.000000	4.066945	-100.000000	-100.000000
1.220000	0.000000	4.134445	-100.000000	-100.000000
1.230000	0.000000	4.202500	-100.000000	-100.000000
1.240000	0.000000	4.271111	-100.000000	-100.000000
1.250000	0.000000	4.340278	-100.000000	-100.000000
1.260000	0.000000	4.410000	-100.000000	-100.000000
1.270000	0.000000	4.480278	-100.000000	-100.000000
1.280000	0.000000	4.551111	-100.000000	-100.000000
1.290000	0.000000	4.622499	-100.000000	-100.000000
1.300000	0.000000	4.694444	-100.000000	-100.000000
1.310000	0.000000	4.766944	-100.000000	-100.000000
1.320000	0.000000	4.840000	-100.000000	-100.000000
1.330000	0.000000	4.913611	-100.000000	-100.000000
1.340000	0.000000	4.987778	-100.000000	-100.000000
1.350000	0.000000	5.062500	-100.000000	-100.000000
1.360000	0.000000	5.137778	-100.000000	-100.000000
1.370000	0.000000	5.213611	-100.000000	-100.000000
1.380000	0.000000	5.290000	-100.000000	-100.000000
1.390000	0.000000	5.366944	-100.000000	-100.000000
1.400000	0.000000	5.444444	-100.000000	-100.000000
1.410000	0.000000	5.522500	-100.000000	-100.000000
1.420000	0.000000	5.601110	-100.000000	-100.000000
1.430000	0.000000	5.680277	-100.000000	-100.000000
1.440000	0.000000	5.760000	-100.000000	-100.000000
1.450000	0.000000	5.840278	-100.000000	-100.000000
1.460000	0.000000	5.921111	-100.000000	-100.000000
1.470000	0.000000	6.002500	-100.000000	-100.000000
1.480000	0.000000	6.084445	-100.000000	-100.000000
1.490000	0.000000	6.166945	-100.000000	-100.000000
1.500000	0.000000	6.250000	0.000000	6.250000
1.510000	0.000000	6.333611	-100.000000	-100.000000
1.520000	0.000000	6.417778	-100.000000	-100.000000
1.530000	0.000000	6.502500	-100.000000	-100.000000
1.540000	0.000000	6.587777	-100.000000	-100.000000
1.550000	0.000000	6.673610	-100.000000	-100.000000
1.560000	0.000000	6.759999	-100.000000	-100.000000
1.570000	0.000000	6.846945	-100.000000	-100.000000
1.580000	0.000000	6.934444	-100.000000	-100.000000
1.590000	0.000000	7.022500	-100.000000	-100.000000
1.600000	0.000000	7.111111	-100.000000	-100.000000
1.610000	0.000000	7.200278	-100.000000	-100.000000
1.620000	0.000000	7.290000	-100.000000	-100.000000
1.630000	0.000000	7.380278	-100.000000	-100.000000
1.640000	0.000000	7.471111	-100.000000	-100.000000
1.650000	0.000000	7.562500	-100.000000	-100.000000
1.660000	0.000000	7.654444	-100.000000	-100.000000
1.670000	0.000000	7.746944	-100.000000	-100.000000
1.680000	0.000000	7.839999	-100.000000	-100.000000
1.690000	0.000000	7.933611	-100.000000	-100.000000
1.700000	0.000000	8.027778	-100.000000	-100.000000
1.710000	0.000000	8.122500	-100.000000	-100.000000
1.720000	0.000000	8.217778	-100.000000	-100.000000
1.730000	0.000000	8.313611	-100.000000	-100.000000
1.740000	0.000000	8.410000	-100.000000	-100.000000
1.750000	0.000000	8.506944	-100.000000	-100.000000
1.760000	0.000000	8.604444	-100.000000	-100.000000
1.770000	0.000000	8.702499	-100.000000	-100.000000
1.780000	0.000000	8.801110	-100.000000	-100.000000
1.790000	0.000000	8.900277	-100.000000	-100.000000
1.800000	0.000000	8.999999	-100.000000	-100.000000
1.810000	0.000000	9.100277	-100.000000	-100.000000
1.820000	0.000000	9.201111	-100.000000	-100.000000
1.830000	0.000000	9.302500	-100.000000	-100.000000
1.840000	0.000000	9.404445	-100.000000	-100.000000
1.850000	0.000000	9.506945	-100.000000	-100.000000
1.860000	0.000000	9.610000	-100.000000	-100.000000
1.870000	0.000000	9.713611	-100.000000	-100.000000
1.880000	0.000000	9.817778	-100.000000	-100.000000
1.890000	0.000000	9.922500	-100.000000	-100.000000
1.900000	0.000000	10.027777	-100.000000	-100.000000
1.910000	0.000000	10.133611	-100.000000	-100.000000
1.920000	0.000000	10.239999	-100.000000	-100.000000
1.930000	0.000000	10.346944	-100.000000	-100.000000
1.940000	0.000000	10.454445	-100.000000	-100.000000
1.950000	0.000000	10.562500	-100.000000	-100.000000
1.960000	0.000000	10.671111	-100.000000	-100.000000
1.970000	0.000000	10.780277	-100.000000	-100.000000
1.980000	0.000000	10.889999	-100.000000	-100.000000
1.990000	0.000000	11.000278	-100.000000	-100.000000
2.000000	0.000000	11.111111	0.000000	11.111111
2.010000	0.000809	11.222218	-100.000000	-100.000000
2.020000	0.003238	11.333302	-100.000000	-100.000000
2.030000	0.007285	11.444338	-100.000000	-100.000000
2.040000	0.012949	11.555303	-100.000000	-100.000000
2.050000	0.020230	11.666174	-100.000000	-100.000000
2.060000	0.029125	11.776928	-100.000000	-100.000000
2.070000	0.039633	11.887540	-100.000000	-100.000000
2.080000	0.051753	11.997987	-100.000000	-100.000000
2.090000	0.065480	12.108246	-100.000000	-100.000000
2.100000	0.080812	12.218292	-100.000000	-100.000000
2.110000	0.097746	12.328105	-100.000000	-100.000000
2.120000	0.116279	12.437658	-100.000000	-100.000000
2.130000	0.136406	12.546932	-100.000000	-100.000000
2.140000	0.158123	12.655900	-100.000000	-100.000000
2.150000	0.181426	12.764539	-100.000000	-100.000000
2.160000	0.206309	12.872827	-100.000000	-100.000000
2.170000	0.232767	12.980741	-100.000000	-100.000000
2.180000	0.260795	13.088257	-100.000000	-100.000000
2.190000	0.290387	13.195354	-100.000000	-100.000000
2.200000	0.321536	13.302009	-100.000000	-100.000000
2.210000	0.354235	13.408197	-100.000000	-100.000000
2.220000	0.388479	13.513899	-100.000000	-100.000000
2.230000	0.424259	13.619091	-100.000000	-100.000000
2.240000	0.461569	13.723749	-100.000000	-100.000000
2.250000	0.500399	13.827853	-100.000000	-100.000000
2.260000	0.540743	13.931380	-100.000000	-100.000000
2.270000	0.582590	14.034308	-100.000000	-100.000000
2.280000	0.625933	14.136616	-100.000000	-100.000000
2.290000	0.670762	14.238281	-100.000000	-100.000000
2.300000	0.717068	14.339283	-100.000000	-100.000000
2.310000	0.764840	14.439598	-100.000000	-100.000000
2.320000	0.814069	14.539207	-100.000000	-100.000000
2.330000	0.864744	14.638088	-100.000000	-100.000000
2.340000	0.916855	14.736219	-100.000000	-100.000000
2.350000	0.970390	14.833582	-100.000000	-100.000000
2.360000	1.025338	14.930154	-100.000000	-100.000000
2.370000	1.081688	15.025915	-100.000000	-100.000000
2.380000	1.139429	15.120847	-100.000000	-100.000000
2.390000	1.198544	15.214926	-100.000000	-100.000000
2.400000	1.259025	15.308132	-100.000000	-100.000000
2.410000	1.320858	15.400448	-100.000000	-100.000000
2.420000	1.384029	15.491853	-100.000000	-100.000000
2.430000	1.448525	15.582328	-100.000000	-100.000000
2.440000	1.514333	15.671852	-100.000000	-100.000000
2.450000	1.581438	15.760410	-100.000000	-100.000000
2.460000	1.649826	15.847980	-100.000000	-100.000000
2.470000	1.719484	15.934544	-100.000000	-100.000000
2.480000	1.790395	16.020082	-100.000000	-100.000000
2.490000	1.862545	16.104580	-100.000000	-100.000000
2.500000	1.935919	16.188017	1.935919	16.188017
2.510000	2.010500	16.270376	-100.000000	-100.000000
2.520000	2.086274	16.351639	-100.000000	-100.000000
2.530000	2.163224	16.431789	-100.000000	-100.000000
2.540000	2.241334	16.510811	-100.000000	-100.000000
2.550000	2.320587	16.588684	-100.000000	-100.000000
2.560000	2.400966	16.665398	-100.000000	-100.000000
2.570000	2.482454	16.740929	-100.000000	-100.000000
2.580000	2.565035	16.815266	-100.000000	-100.000000
2.590000	2.648690	16.888390	-100.000000	-100.000000
2.600000	2.733401	16.960289	-100.000000	-100.000000
2.610000	2.819151	17.030945	-100.000000	-100.000000
2.620000	2.905922	17.100346	-100.000000	-100.000000
2.630000	2.993697	17.168474	-100.000000	-100.000000
2.640000	3.082453	17.235317	-100.000000	-100.000000
2.650000	3.172174	17.300858	-100.000000	-100.000000
2.660000	3.262840	17.365084	-100.000000	-100.000000
2.670000	3.354432	17.427982	-100.000000	-100.000000
2.680000	3.446931	17.489540	-100.000000	-100.000000
2.690000	3.540318	17.549744	-100.000000	-100.000000
2.700000	3.634572	17.608580	-100.000000	-100.000000
2.710000	3.729672	17.666037	-100.000000	-100.000000
2.720000	3.825600	17.722101	-100.000000	-100.000000
2.730000	3.922336	17.776762	-100.000000	-100.000000
2.740000	4.019857	17.830006	-100.000000	-100.000000
2.750000	4.118143	17.881824	-100.000000	-100.000000
2.760000	4.217174	17.932207	-100.000000	-100.000000
2.770000	4.316929	17.981140	-100.000000	-100.000000
2.780000	4.417387	18.028614	-100.000000	-100.000000
2.790000	4.518525	18.074617	-100.000000	-100.000000
2.800000	4.620323	18.119144	-100.000000	-100.000000
2.810000	4.722758	18.162182	-100.000000	-100.000000
2.820000	4.825811	18.203724	-100.000000	-100.000000
2.830000	4.929458	18.243759	-100.000000	-100.000000
2.840000	5.033677	18.282280	-100.000000	-100.000000
2.850000	5.138445	18.319279	-100.000000	-100.000000
2.860000	5.243743	18.354746	-100.000000	-100.000000
2.870000	5.349546	18.388674	-100.000000	-100.000000
2.880000	5.455834	18.421059	-100.000000	-100.000000
2.890000	5.562581	18.451891	-100.000000	-100.000000
2.900000	5.669766	18.481163	-100.000000	-100.000000
2.910000	5.777365	18.508873	-100.000000	-100.000000
2.920000	5.885357	18.535009	-100.000000	-100.000000
2.930000	5.993719	18.559570	-100.000000	-100.000000
2.940000	6.102427	18.582550	-100.000000	-100.000000
2.950000	6.211458	18.603943	-100.000000	-100.000000
2.960000	6.320789	18.623745	-100.000000	-100.000000
2.970000	6.430397	18.641951	-100.000000	-100.000000
2.980000	6.540259	18.658558	-100.000000	-100.000000
2.990000	6.650352	18.673563	-100.000000	-100.000000
3.000000	6.760650	18.686962	6.760650	18.686962
3.010000	6.871133	18.698753	-100.000000	-100.000000
3.020000	6.981775	18.708931	-100.000000	-100.000000
3.030000	7.092555	18.717499	-100.000000	-100.000000
3.040000	7.203447	18.724449	-100.000000	-100.000000
3.050000	7.314429	18.729784	-100.000000	-100.000000
3.060000	7.425477	18.733500	-100.000000	-100.000000
3.070000	7.536568	18.735598	-100.000000	-100.000000
3.080000	7.647676	18.736076	-100.000000	-100.000000
3.090000	7.758780	18.734938	-100.000000	-100.000000
3.100000	7.869856	18.732178	-100.000000	-100.000000
3.110000	7.980880	18.727802	-100.000000	-100.000000
3.120000	8.091828	18.721806	-100.000000	-100.000000
3.130000	8.202680	18.714195	-100.000000	-100.000000
3.140000	8.313406	18.704971	-100.000000	-100.000000
3.150000	8.423987	18.694134	-100.000000	-100.000000
3.160000	8.534397	18.681686	-100.000000	-100.000000
3.170000	8.644614	18.667633	-100.000000	-100.000000
3.180000	8.754616	18.651972	-100.000000	-100.000000
3.190000	8.864377	18.634712	-100.000000	-100.000000
3.200000	8.973875	18.615852	-100.000000	-100.000000
3.210000	9.083086	18.595402	-100.000000	-100.000000
3.220000	9.191988	18.573360	-100.000000	-100.000000
