0.000000	6.794261	-6.794261	0.000000
1.000000	22.475742	17.660793	-13.901632
2.000000	5.539831	-0.310615	5.531116
3.000000	9.626864	-6.090255	-7.455555
4.000000	2.970152	0.121444	2.967668
5.000000	41.883263	3.662441	41.722828
6.000000	16.744322	14.904389	7.630956
7.000000	4.971713	-2.642133	4.211539
8.000000	14.837070	12.844255	7.427232
9.000000	5.597837	-1.928280	5.255238
10.000000	498.871613	-29.669159	-497.988556
11.000000	8.253036	-3.148947	-7.628678
12.000000	5.730134	1.880496	-5.412779
13.000000	7.030693	6.731306	2.029817
14.000000	16.407566	14.872025	6.930449
15.000000	25.008034	-25.007982	-0.051136
16.000000	11.602726	7.318110	9.003807
17.000000	9.229054	-6.191297	6.844216
18.000000	6.171474	-5.553500	2.691790
19.000000	9.038740	3.671631	8.259416
20.000000	26.751385	-13.427153	23.137592
21.000000	12.787576	6.944626	-10.737516
22.000000	18.088707	15.812740	-8.783995
23.000000	11.585528	8.551192	7.816749
24.000000	17.191872	5.031703	-16.439051
25.000000	20.641449	-19.447880	-6.917324
26.000000	21.945457	-4.297763	21.520510
27.000000	4.282629	-2.173102	-3.690331
28.000000	19.236202	-7.970145	-17.507378
29.000000	19.136311	16.400419	9.860253
30.000000	9.260132	9.235485	-0.675178
31.000000	13.985078	1.361674	-13.918630
32.000000	11.593976	1.623945	-11.479681
33.000000	13.026105	11.838680	5.433696
34.000000	9.768528	-1.618050	9.633590
35.000000	16.554136	8.065967	14.456126
36.000000	3.853228	3.822053	0.489160
37.000000	1.345529	-1.340853	0.112083
38.000000	11.877044	5.695968	10.422098
39.000000	9.379099	1.178337	-9.304785
40.000000	11.014708	7.219028	8.319220
41.000000	9.954803	8.461309	5.244459
42.000000	6.496002	5.969234	-2.562479
43.000000	3.612554	3.429648	1.134928
44.000000	26.748247	10.504211	-24.599396
45.000000	25.715836	-24.581297	7.554075
46.000000	21.882717	17.343386	-13.343924
47.000000	8.031042	5.489479	5.862019
48.000000	11.431132	4.931588	-10.312624
49.000000	22.905222	11.849426	-19.602047
50.000000	26.465286	-11.358867	23.903713
51.000000	11.514999	9.276404	6.822282
52.000000	6.264692	-5.719422	2.556283
53.000000	22.071135	3.804105	-21.740831
54.000000	5.251736	-5.163622	-0.957985
55.000000	23.695198	13.750583	19.297251
56.000000	8.119431	3.165272	7.477046
57.000000	12.935956	11.078347	6.679011
58.000000	17.862501	17.807104	-1.405712
59.000000	21.058111	16.418013	13.186846
60.000000	8.877244	-8.695446	-1.787366
61.000000	32.927879	30.941267	11.264254
62.000000	9.403831	8.720414	3.519434
63.000000	11.449673	8.013144	8.178296
64.000000	13.260254	-13.097217	2.072984
65.000000	3.591980	-3.513967	0.744553
66.000000	19.420341	-16.542997	10.172456
67.000000	5.604780	2.651464	-4.937945
68.000000	7.531196	5.780259	4.827785
69.000000	13.488795	12.643978	-4.698660
70.000000	5.933909	-5.280884	2.706205
71.000000	9.619645	-7.108736	-6.481007
72.000000	10.672245	-1.809677	10.517694
73.000000	12.979910	11.860240	5.273782
74.000000	6.340444	-5.211936	-3.610673
75.000000	12.353777	-7.771022	-9.603490
76.000000	16.054438	12.586653	9.966001
77.000000	11.148037	-1.340494	-11.067150
78.000000	11.003358	10.421484	-3.530801
79.000000	18.072767	17.944056	2.153082
80.000000	23.728102	-23.269430	4.642896
81.000000	14.777081	0.920396	14.748389
82.000000	16.228662	3.652676	-15.812257
83.000000	11.445822	3.672078	-10.840788
84.000000	10.168736	6.316396	7.969085
85.000000	17.664547	11.562795	-13.354323
86.000000	4.501110	-4.499506	-0.120127
87.000000	19.147053	15.049539	-11.837272
88.000000	13.746287	12.405098	5.922328
89.000000	11.678264	2.547210	-11.397085
90.000000	29.808374	-11.709433	-27.412193
91.000000	18.587070	-0.916188	-18.564476
92.000000	17.409761	13.073768	11.496798
93.000000	22.850832	-18.291021	13.696681
94.000000	9.173971	3.773653	8.361895
95.000000	25.339106	-10.459569	-23.079596
96.000000	15.848346	11.524568	-10.879082
97.000000	15.759117	-15.538296	2.628904
98.000000	18.285494	-0.237855	18.283947
99.000000	18.892288	-16.763336	-8.712584
100.000000	3.342878	-2.948542	1.575099
101.000000	13.471451	8.322664	10.593075
102.000000	5.865133	-3.314531	-4.838768
103.000000	6.748025	2.492067	-6.271001
104.000000	13.444147	-4.219698	-12.764766
105.000000	34.369514	6.689035	33.712318
106.000000	19.985849	-8.314159	18.174402
107.000000	13.814672	9.431061	-10.094565
108.000000	26.861736	-18.513941	19.462448
109.000000	26.982224	24.713095	10.830667
110.000000	14.157321	4.279676	13.494967
111.000000	36.286705	9.627688	-34.986179
112.000000	16.954603	14.283440	-9.134656
113.000000	4.224098	-3.394828	2.513592
114.000000	18.104004	-16.171482	8.138681
115.000000	10.331397	10.331066	-0.082740
116.000000	24.711405	-8.840592	-23.075907
117.000000	22.585987	20.982103	8.359316
118.000000	12.812267	-0.603796	-12.798033
119.000000	19.870871	-19.756386	-2.129963
120.000000	24.226778	-24.156281	-1.846866
121.000000	19.223169	15.707537	11.081676
122.000000	16.081717	-15.317547	4.898401
123.000000	21.607773	7.757965	-20.167048
124.000000	14.151577	-13.109037	5.331065
125.000000	20.067804	19.646643	4.089765
126.000000	7.222152	-5.693876	4.442887
127.000000	9.835280	9.763943	1.182436
128.000000	14.142668	-4.781888	13.309718
129.000000	11.514241	-1.605713	11.401730
130.000000	21.816746	1.958669	21.728645
131.000000	5.330832	2.773496	-4.552525
132.000000	16.426090	-15.930123	4.005950
133.000000	21.492807	-2.334391	-21.365660
134.000000	29.312696	6.128685	-28.664846
135.000000	17.783401	16.145935	7.453735
136.000000	25.597609	24.761786	-6.487807
137.000000	5.642025	-4.985443	2.641553
138.000000	26.586151	-6.303996	25.827951
139.000000	4.758317	0.165947	-4.755423
140.000000	8.681354	0.889464	8.635668
141.000000	7.010464	-6.477003	2.682356
142.000000	17.351793	1.370373	17.297596
143.000000	14.149273	-11.224113	8.615174
144.000000	19.173500	18.410027	-5.356684
145.000000	34.342140	30.931749	-14.920106
146.000000	3.889983	3.843884	0.597096
147.000000	13.022509	12.121099	4.760743
148.000000	11.955176	11.949569	-0.366120
149.000000	8.164271	-1.529714	8.019682
150.000000	27.948231	-25.279131	-11.919276
151.000000	21.430752	-1.939793	21.342783
152.000000	14.220441	-13.870813	3.133922
153.000000	12.138407	9.190833	7.929029
154.000000	6.348965	-3.403909	5.359362
155.000000	11.041026	10.010697	4.657274
156.000000	14.504532	-12.132010	-7.949577
157.000000	23.291222	-18.889601	13.625857
158.000000	9.008139	3.659356	8.231383
159.000000	14.667975	-11.406170	-9.222190
160.000000	7.604027	-7.380394	1.830573
161.000000	8.829988	7.683322	-4.351465
162.000000	8.479808	8.349054	-1.483385
163.000000	15.803063	-1.812653	15.698761
164.000000	9.541156	-1.480011	9.425669
165.000000	14.113681	9.080855	10.804353
166.000000	7.691119	7.008086	3.168604
167.000000	10.100341	-6.194459	7.977818
168.000000	19.975254	-19.032248	-6.065008
169.000000	11.237134	-7.174021	-8.649081
170.000000	12.555219	-5.283233	-11.389511
171.000000	10.346847	1.804256	-10.188321
172.000000	20.955256	-20.921289	1.192658
173.000000	3.676522	-1.678962	-3.270765
174.000000	34.879246	-26.845798	22.268023
175.000000	26.758247	-4.736717	-26.335667
176.000000	7.930653	5.527535	-5.686968
177.000000	12.539013	-11.207762	5.622536
178.000000	19.362343	3.386212	-19.063942
179.000000	18.555992	-16.519175	8.452320
180.000000	19.398544	1.855124	19.309635
181.000000	21.588049	-12.992707	-17.240459
182.000000	14.391574	5.347744	-13.361101
183.000000	9.508877	7.153936	6.264179
184.000000	15.143454	-14.097692	5.529853
185.000000	14.878001	-14.743591	-1.995354
186.000000	18.529766	10.262016	15.428652
187.000000	3.841990	1.401278	3.577333
188.000000	13.264726	13.260784	-0.323343
189.000000	16.945734	16.916634	0.992696
190.000000	18.178392	15.162447	10.027670
191.000000	17.683088	10.738287	14.049228
192.000000	4.867146	-3.790881	3.052595
193.000000	27.639498	24.163254	-13.419352
194.000000	14.520514	7.038532	-12.700565
195.000000	18.884104	-18.804144	-1.735969
196.000000	8.754952	1.115389	8.683611
197.000000	12.676291	10.549626	-7.028067
198.000000	32.086067	-30.555786	-9.790796
199.000000	10.920571	0.174780	-10.919172
200.000000	19.064608	12.913877	14.024659
201.000000	12.337193	-0.424894	-12.329873
202.000000	23.627510	20.229744	12.207238
203.000000	18.429058	-18.118587	3.368524
204.000000	23.602015	23.593014	0.651757
205.000000	4.041811	-0.862435	-3.948727
206.000000	8.782642	0.880013	8.738443
207.000000	11.697725	5.815948	10.149460
208.000000	5.328624	0.758708	5.274333
209.000000	9.604855	8.641994	4.191561
210.000000	16.559885	-15.224016	-6.516066
211.000000	17.110245	-15.948379	-6.197556
212.000000	7.000209	6.812406	1.610607
213.000000	5.495368	0.629297	5.459217
214.000000	22.772232	0.365094	-22.769306
215.000000	33.167320	-0.819048	-33.157204
216.000000	13.278777	-0.910733	-13.247508
217.000000	13.846955	-13.727189	-1.817265
218.000000	16.993750	1.218560	16.950005
219.000000	9.947082	3.043781	-9.469943
220.000000	10.472960	-8.157146	6.568398
221.000000	7.696120	-7.519410	1.639734
222.000000	7.338671	-3.734456	6.317430
223.000000	9.481573	9.475603	-0.336403
224.000000	15.136702	-2.883970	14.859423
225.000000	26.166956	-25.651299	-5.169180
226.000000	14.950675	-14.921661	0.930972
227.000000	11.013394	-10.402178	-3.617949
228.000000	19.271933	3.891728	-18.874901
229.000000	3.668565	3.336789	-1.524535
230.000000	20.648336	5.570437	19.882757
231.000000	15.717489	-10.241912	-11.922361
232.000000	25.675491	-25.673668	0.306129
233.000000	14.390126	13.561007	-4.814024
234.000000	9.049707	-6.871598	-5.888832
235.000000	8.465946	-2.725957	-8.015074
236.000000	6.190261	3.880675	4.822831
237.000000	16.815125	-9.035420	-14.181312
238.000000	8.929506	8.743277	1.814163
239.000000	27.436914	13.712829	23.764313
240.000000	10.864411	8.041049	7.305954
241.000000	26.661655	-15.131878	-21.951542
242.000000	0.594068	0.405434	0.434212
243.000000	10.827125	8.630213	6.538047
244.000000	11.667035	-9.695278	-6.490091
245.000000	7.328733	-7.069237	1.932931
246.000000	28.428595	13.211893	25.172026
247.000000	8.886844	-5.108481	7.271822
248.000000	12.424628	5.247215	-11.262244
249.000000	17.230705	-11.324027	12.987056
250.000000	13.843986	-4.694362	13.023783
251.000000	7.085450	0.347143	-7.076941
252.000000	21.796436	-5.531615	-21.082834
253.000000	13.428068	-3.040215	-13.079377
254.000000	7.638081	1.411007	7.506620
255.000000	36.267269	35.821003	5.671897
256.000000	21.563839	-10.484306	18.843525
257.000000	10.453161	8.993398	5.327980
258.000000	17.082418	16.856924	2.766434
259.000000	6.890886	5.962493	-3.454416
260.000000	20.885275	18.288280	-10.086303
261.000000	12.443789	-9.762884	-7.715827
262.000000	2.542070	-1.187610	-2.247599
263.000000	9.280698	-7.531160	-5.423373
264.000000	8.231631	-7.585302	3.197332
265.000000	22.492556	-9.371907	-20.447063
266.000000	5.880217	-4.604742	-3.656953
267.000000	7.832748	0.692698	-7.802058
268.000000	9.977777	-9.840782	1.647733
269.000000	10.002286	4.081483	-9.131660
270.000000	27.381428	22.276731	15.921363
271.000000	31.975040	-18.532364	-26.056759
272.000000	5.607776	5.553240	-0.780177
273.000000	16.653845	5.323450	15.780096
274.000000	14.583055	-12.979821	6.647534
275.000000	19.016834	-1.028805	18.988985
276.000000	9.198222	-9.197733	0.094895
277.000000	10.850204	-10.263574	-3.519374
278.000000	14.264938	14.149228	1.813232
279.000000	16.075245	8.344195	-13.740011
280.000000	21.671949	0.920271	21.652401
281.000000	28.089367	-23.476450	15.422997
282.000000	4.568340	4.082969	2.049170
283.000000	9.338476	-7.129775	6.031040
284.000000	20.064398	-19.436239	4.981233
285.000000	23.899973	-11.381363	-21.016024
286.000000	14.125418	10.543027	-9.400640
287.000000	9.889957	9.510715	2.712480
288.000000	17.395767	-8.335474	-15.268681
289.000000	17.159267	-7.112435	-15.615817
290.000000	17.589956	-17.589439	-0.134852
291.000000	9.209579	-6.987331	5.999463
292.000000	6.263345	5.703367	2.588648
293.000000	21.768749	14.099052	16.585993
294.000000	19.717247	-0.591351	-19.708378
295.000000	12.638970	6.492921	-10.843686
296.000000	21.561340	-21.539377	-0.972962
297.000000	4.370585	-1.541271	-4.089805
298.000000	18.261465	11.561007	-14.135920
299.000000	8.536442	7.974954	3.044822
300.000000	6.405382	-1.253828	-6.281467
301.000000	6.294627	-6.293599	-0.113765
302.000000	18.581945	-3.341857	18.278969
303.000000	8.380999	8.035217	-2.382523
304.000000	4.958287	4.938039	0.447637
305.000000	27.104244	-27.062113	1.510651
306.000000	7.113931	-1.617597	-6.927582
307.000000	10.477586	8.067385	6.685590
308.000000	12.131462	2.825048	11.797943
309.000000	6.941942	-1.079434	6.857506
310.000000	12.263834	-6.693882	10.275873
311.000000	19.284515	-16.643215	9.741453
312.000000	7.137024	6.041707	3.799329
313.000000	16.945732	7.247876	15.317512
314.000000	9.597946	8.187962	5.007779
315.000000	12.305803	12.290805	0.607385
316.000000	10.801195	-1.438359	-10.704996
317.000000	17.995247	11.909862	-13.490148
318.000000	33.922375	-27.817200	-19.414709
319.000000	15.762056	-3.372311	-15.397076
320.000000	22.238354	21.998909	-3.254592
321.000000	2.127130	0.600509	-2.040605
322.000000	10.075195	-9.146460	-4.225143
323.000000	2.902793	-2.477907	-1.512013
324.000000	13.354275	-0.620386	-13.339857
325.000000	11.780257	-9.634264	-6.779042
326.000000	17.141630	-16.473288	4.739860
327.000000	6.161517	-5.832217	-1.987344
328.000000	18.955925	-5.368929	18.179705
329.000000	3.431870	-3.055992	-1.561616
330.000000	12.383964	-12.351924	-0.890246
331.000000	16.700583	-16.465427	2.792696
332.000000	19.973511	2.437814	-19.824183
333.000000	2.510319	0.913242	-2.338310
334.000000	21.684631	-10.340370	-19.060431
335.000000	9.402695	-1.155874	-9.331379
336.000000	11.848306	3.407396	11.347775
337.000000	14.774404	5.932240	13.531132
338.000000	14.849602	14.557151	2.932583
339.000000	8.059849	8.020823	0.792179
340.000000	9.662579	8.432672	4.717572
341.000000	20.283073	12.498483	-15.974699
342.000000	13.183079	5.391732	12.030079
343.000000	5.485927	4.965987	-2.331174
344.000000	2.730145	-2.623201	-0.756643
345.000000	13.358232	-2.033843	-13.202494
346.000000	22.261267	-0.294772	-22.259315
347.000000	34.321682	-0.897679	-34.309940
348.000000	11.095879	-9.227750	-6.161748
349.000000	6.289175	-4.866949	-3.983280
350.000000	6.690567	3.613281	5.630975
351.000000	19.191740	8.424323	-17.243946
352.000000	9.386669	4.256646	8.366034
353.000000	5.171096	-3.705083	-3.607297
354.000000	15.980529	7.235557	-14.248650
355.000000	10.558512	-10.358352	2.046146
356.000000	14.927362	9.679365	11.363804
357.000000	10.796150	-2.730808	-10.445073
358.000000	8.082323	4.967689	-6.375422
359.000000	17.361975	13.391076	11.050666
360.000000	3.109834	-1.296852	-2.826525
361.000000	23.758795	-22.453848	7.765629
362.000000	24.994873	-20.096062	-14.862436
363.000000	9.249511	-6.046878	-6.999194
364.000000	24.550926	-23.410223	7.396586
365.000000	27.869339	-1.596591	27.823568
366.000000	12.176900	-9.782103	7.251715
367.000000	21.780750	-2.537637	-21.632418
368.000000	7.269173	-4.447964	5.749477
369.000000	11.989259	-10.635567	5.534170
370.000000	22.615128	-21.114132	-8.101694
371.000000	22.248379	-11.479411	-19.058161
372.000000	38.569550	-1.800332	-38.527508
373.000000	14.161140	-5.152112	13.190664
374.000000	5.562577	4.191644	3.656827
375.000000	16.390465	16.135515	2.879661
376.000000	30.572104	-28.502546	11.057053
377.000000	19.304352	0.741031	-19.290123
378.000000	4.905248	3.709345	3.209707
379.000000	29.458599	19.939272	-21.684893
380.000000	11.197186	11.197156	0.025718
381.000000	19.064697	-7.369046	17.582941
382.000000	14.237267	14.125246	-1.782464
383.000000	32.756016	1.942176	32.698387
384.000000	5.539188	-5.487160	-0.757419
385.000000	9.493119	-7.249568	6.128872
386.000000	12.747841	-9.558422	-8.434691
387.000000	16.333714	6.671235	-14.909220
388.000000	16.225655	15.948395	-2.986729
389.000000	15.714516	15.677414	1.079208
390.000000	14.440305	9.431755	10.934550
391.000000	17.998901	-5.700118	-17.072466
392.000000	16.469698	10.029852	13.063423
393.000000	16.566643	7.269886	-14.886316
394.000000	8.748171	-4.600564	7.440786
395.000000	14.047890	-7.037193	-12.158171
396.000000	1.788891	0.169796	1.780815
397.000000	9.252623	-7.627286	5.237895
398.000000	2.254313	1.448587	1.727287
399.000000	27.074234	-26.467253	5.700758
400.000000	22.348391	21.424719	6.358613
401.000000	16.644880	12.686867	10.774759
402.000000	7.085661	4.744546	-5.262686
403.000000	7.140357	-3.429812	-6.262674
404.000000	13.141124	6.936738	11.161129
405.000000	24.131084	-4.412790	23.724176
406.000000	21.783045	21.681442	2.101448
407.000000	12.605205	-12.561750	-1.045757
408.000000	14.678186	14.677995	0.074993
409.000000	1.773900	-1.392239	-1.099270
410.000000	14.560537	14.288836	2.799714
411.000000	3.334420	1.786254	2.815609
412.000000	9.209941	-6.115724	6.886286
413.000000	24.671930	-18.327652	-16.516697
414.000000	15.747066	-9.074744	-12.869308
415.000000	10.139369	-10.106418	0.816778
416.000000	19.010578	-15.169955	11.457511
417.000000	18.527042	-17.917097	4.714758
418.000000	11.629293	-9.982056	5.966492
419.000000	7.176605	3.347086	-6.348281
420.000000	13.837299	8.166126	11.170731
421.000000	15.139413	-13.456834	-6.936530
422.000000	6.865248	4.717690	-4.987487
423.000000	15.444250	-13.342859	7.777722
424.000000	11.256856	-10.442006	-4.204915
425.000000	16.141073	15.877390	-2.905639
426.000000	3.584068	3.532127	-0.607967
427.000000	15.769813	14.726900	5.639628
428.000000	6.775249	-5.852186	3.414078
429.000000	22.755533	15.899889	16.279060
430.000000	4.720842	-4.720292	0.072037
431.000000	15.929627	-11.093557	11.431799
432.000000	32.532898	28.764364	15.198709
433.000000	2.708246	-2.503820	1.032223
434.000000	7.191153	-5.762452	-4.301957
435.000000	14.555469	14.019011	3.915227
436.000000	14.288157	6.881154	12.522027
437.000000	14.228404	3.270493	-13.847432
438.000000	26.626551	-26.322123	-4.014859
439.000000	10.328553	10.156363	1.878109
440.000000	12.238840	3.186648	11.816704
441.000000	17.288355	-16.802660	-4.069135
442.000000	13.944036	-13.373592	-3.947556
443.000000	22.256409	7.611917	-20.914265
444.000000	3.547200	-2.507798	2.508700
445.000000	15.349760	14.960325	-3.435668
446.000000	24.628563	-15.049451	19.495644
447.000000	8.486117	-8.021187	2.770334
448.000000	2.184142	-0.080943	-2.182641
449.000000	10.131808	3.442860	9.528916
450.000000	15.808036	-14.754685	5.673910
451.000000	15.629697	-9.998272	12.013409
452.000000	12.192173	-3.054402	-11.803377
453.000000	3.108380	2.855834	1.227289
454.000000	26.823780	-12.753631	-23.597883
455.000000	18.763794	18.132835	4.824960
456.000000	10.427007	2.543664	-10.111985
457.000000	12.762472	-8.735171	-9.304702
458.000000	17.514793	-6.347541	-16.324114
459.000000	9.757323	-1.257705	-9.675925
460.000000	12.171789	-1.185196	12.113949
461.000000	2.471338	2.354501	-0.750890
462.000000	2.726209	0.010079	2.726190
463.000000	22.005869	7.372144	20.734264
464.000000	12.234039	9.582292	-7.606012
465.000000	3.461115	-2.908469	-1.876199
466.000000	6.331000	-2.461672	-5.832815
467.000000	15.816034	-0.889681	15.790991
468.000000	16.120760	-14.438267	-7.170449
469.000000	6.608078	2.018363	6.292289
470.000000	13.235309	0.652463	-13.219216
471.000000	22.270763	7.908902	-20.819130
472.000000	9.163732	-6.471725	-6.487738
473.000000	27.051571	4.331229	-26.702583
474.000000	9.635595	9.634749	-0.127655
475.000000	22.657774	-18.610119	-12.924328
476.000000	8.737730	-8.437413	-2.271119
477.000000	16.782642	16.600056	2.468854
478.000000	22.935024	-16.786282	15.628057
479.000000	15.160503	11.292428	-10.115430
480.000000	18.574028	-15.735974	-9.867809
481.000000	19.754814	3.751972	19.395241
482.000000	8.495996	5.431700	6.532885
483.000000	15.792773	-0.746009	15.775144
484.000000	16.877033	-11.031934	-12.772262
485.000000	12.356494	9.684075	-7.674739
486.000000	28.052990	-18.325434	21.240261
487.000000	15.026298	-5.956948	-13.795086
488.000000	5.259804	-3.241917	-4.141921
489.000000	18.125195	-5.198824	17.363607
490.000000	9.269440	2.552296	8.911134
491.000000	10.756945	5.077101	-9.483401
492.000000	24.821951	5.742136	24.148645
493.000000	16.025372	11.379640	11.283456
494.000000	8.979954	0.853643	8.939287
495.000000	10.625478	-4.573454	-9.590845
496.000000	20.141018	0.435018	-20.136320
497.000000	17.551945	-4.127858	-17.059647
498.000000	5.729694	5.420517	-1.856716
499.000000	10.793215	-2.692083	10.452089
500.000000	5.100442	5.100442	-0.000171
501.000000	10.793602	-2.692966	-10.452262
502.000000	5.729482	5.420787	1.855271
503.000000	17.551365	-4.126228	17.059444
504.000000	20.141483	0.436777	20.136747
505.000000	10.626716	-4.572753	9.592549
506.000000	8.978662	0.852413	-8.938107
507.000000	16.024755	11.378542	-11.283686
508.000000	24.822289	5.740344	-24.149420
509.000000	10.756875	5.078422	9.482615
510.000000	9.269386	2.552214	-8.911101
511.000000	18.125566	-5.199711	-17.363731
512.000000	5.258803	-3.241107	4.141284
513.000000	15.026234	-5.955261	13.795744
514.000000	28.053240	-18.327509	-21.238800
515.000000	12.355841	9.684507	7.673144
516.000000	16.877281	-11.030789	12.773579
517.000000	15.792416	-0.747783	-15.774702
518.000000	8.496097	5.431034	-6.533570
519.000000	19.755812	3.750709	-19.396502
520.000000	18.573412	-15.735105	9.868035
521.000000	15.160423	11.293297	10.114340
522.000000	22.935331	-16.787773	-15.626903
523.000000	16.782747	16.599783	-2.471394
524.000000	8.736835	-8.436606	2.270671
525.000000	22.657682	-18.609449	12.925128
526.000000	9.634917	9.634095	0.125872
527.000000	27.051050	4.333645	26.701664
528.000000	9.163805	-6.471269	6.488298
529.000000	22.270918	7.910603	20.818649
530.000000	13.236330	0.653872	13.220169
531.000000	6.607476	2.018257	-6.291691
532.000000	16.120968	-14.437547	7.172369
533.000000	15.815775	-0.891414	-15.790634
534.000000	6.330946	-2.461441	5.832854
535.000000	3.461643	-2.908817	1.876635
536.000000	12.234183	9.582605	7.605847
537.000000	22.005682	7.370527	-20.734642
538.000000	2.726734	0.010143	-2.726715
539.000000	2.471530	2.354859	0.750400
540.000000	12.172506	-1.185907	-12.114600
541.000000	9.756202	-1.256521	9.674949
542.000000	17.514368	-6.345886	16.324303
543.000000	12.762719	-8.734625	9.305553
544.000000	10.427256	2.544036	10.112148
545.000000	18.764196	18.132824	-4.826570
546.000000	26.823746	-12.750948	23.599295
547.000000	3.108264	2.855955	-1.226714
548.000000	12.192986	-3.052816	11.804626
549.000000	15.628683	-9.998950	-12.011524
550.000000	15.808167	-14.755486	-5.672194
551.000000	10.131590	3.441639	-9.529125
552.000000	2.184207	-0.080632	2.182718
553.000000	8.485883	-8.021333	-2.769193
554.000000	24.629179	-15.051837	-19.494579
555.000000	15.349104	14.960117	3.433640
556.000000	3.547628	-2.507924	-2.509180
557.000000	22.256376	7.614137	20.913422
558.000000	13.943752	-13.372780	3.949304
559.000000	17.289028	-16.802820	4.071327
560.000000	12.238272	3.184820	-11.816607
561.000000	10.328759	10.156375	-1.879179
562.000000	26.626863	-26.322105	4.017043
563.000000	14.228721	3.270474	13.847761
564.000000	14.287132	6.879254	-12.521901
565.000000	14.555342	14.018558	-3.916379
566.000000	7.191349	-5.762079	4.302782
567.000000	2.708683	-2.504704	-1.031222
568.000000	32.532757	28.763149	-15.200714
569.000000	15.929305	-11.093938	-11.430981
570.000000	4.721269	-4.720726	-0.071625
571.000000	22.755579	15.898376	-16.280602
572.000000	6.775503	-5.852459	-3.414112
573.000000	15.770015	14.726413	-5.641464
574.000000	3.584360	3.532577	0.607073
575.000000	16.141956	15.878608	2.903888
576.000000	11.255738	-10.440441	4.205811
577.000000	15.444119	-13.343268	-7.776760
578.000000	6.865158	4.718369	4.986722
579.000000	15.139400	-13.456091	6.937942
580.000000	13.837311	8.165205	-11.171418
581.000000	7.176938	3.348484	6.347920
582.000000	11.628384	-9.981612	-5.965460
583.000000	18.526669	-17.917110	-4.713235
584.000000	19.010998	-15.171107	-11.456681
585.000000	10.139813	-10.106856	-0.816862
586.000000	15.746760	-9.073962	12.869486
587.000000	24.672802	-18.327021	16.518702
588.000000	9.210401	-6.117696	-6.885149
589.000000	3.333557	1.784643	-2.815609
590.000000	14.559810	14.287851	-2.800956
591.000000	1.774298	-1.392624	1.099424
592.000000	14.678001	14.677804	-0.076109
593.000000	12.605665	-12.562092	1.047205
594.000000	21.782618	21.680899	-2.102637
595.000000	24.130926	-4.414724	-23.723656
596.000000	13.141856	6.935684	-11.162646
597.000000	7.139794	-3.429390	6.262263
598.000000	7.085428	4.744576	5.262345
599.000000	16.644766	12.685820	-10.775817
600.000000	22.349607	21.425325	-6.360848
601.000000	27.073561	-26.466949	-5.698975
602.000000	2.254626	1.448296	-1.727940
603.000000	9.253036	-7.627820	-5.237846
604.000000	1.789760	0.169470	-1.781718
605.000000	14.047645	-7.036383	12.158357
606.000000	8.748882	-4.601920	-7.440785
607.000000	16.566170	7.270498	14.885490
608.000000	16.469831	10.028579	-13.064569
609.000000	17.998798	-5.698920	17.072758
610.000000	14.439853	9.430174	-10.935317
611.000000	15.714456	15.677220	-1.081151
612.000000	16.226128	15.949257	2.984700
613.000000	16.334036	6.673678	14.908479
614.000000	12.747624	-9.556838	8.436159
615.000000	9.492582	-7.249910	-6.127635
616.000000	5.539507	-5.487313	0.758642
617.000000	32.756115	1.938889	-32.698681
618.000000	14.237300	14.125541	1.780395
619.000000	19.065521	-7.370446	-17.583248
620.000000	11.196949	11.196913	-0.028346
621.000000	29.458492	19.941839	21.682384
622.000000	4.906456	3.710350	-3.210392
623.000000	19.304373	0.744156	19.290024
624.000000	30.571749	-28.503212	-11.054350
625.000000	16.390446	16.135162	-2.881530
626.000000	5.563702	4.192285	-3.657804
627.000000	14.162333	-5.152287	-13.191877
628.000000	38.568310	-1.795967	38.526474
629.000000	22.248281	-11.476686	19.059689
630.000000	22.615078	-21.113026	8.104433
631.000000	11.989145	-10.636227	-5.532655
632.000000	7.269398	-4.448572	-5.749292
633.000000	21.781136	-2.535552	21.633051
634.000000	12.175991	-9.782524	-7.249619
635.000000	27.869310	-1.598587	-27.823425
636.000000	24.551142	-23.410727	-7.395703
637.000000	9.248890	-6.046462	6.998733
638.000000	24.995039	-20.095045	14.864090
639.000000	23.759977	-22.455805	-7.763593
640.000000	3.110416	-1.298366	2.826470
641.000000	17.361488	13.389083	-11.052317
642.000000	8.081529	4.967954	6.374208
643.000000	10.796191	-2.730293	10.445250
644.000000	14.927421	9.678213	-11.364861
645.000000	10.558927	-10.358762	-2.046214
646.000000	15.979793	7.236386	14.247402
647.000000	5.171261	-3.705056	3.607562
648.000000	9.387051	4.255466	-8.367063
649.000000	19.191235	8.425771	17.242676
650.000000	6.691040	3.613127	-5.631637
651.000000	6.288332	-4.866288	3.982758
652.000000	11.095301	-9.227380	6.161263
653.000000	34.321075	-0.895098	34.309402
654.000000	22.261944	-0.293155	22.260014
655.000000	13.359409	-2.033053	13.203807
656.000000	2.731007	-2.623736	0.757895
657.000000	5.485684	4.965536	2.331563
658.000000	13.182692	5.390121	-12.030376
659.000000	20.283072	12.499585	15.973835
660.000000	9.662291	8.432302	-4.717643
661.000000	8.059896	8.020840	-0.792501
662.000000	14.849986	14.557373	-2.933423
663.000000	14.774749	5.931921	-13.531649
664.000000	11.849437	3.407346	-11.348971
665.000000	9.401466	-1.154068	9.330364
666.000000	21.684160	-10.338111	19.061119
667.000000	2.510490	0.913816	2.338269
668.000000	19.974049	2.440439	19.824400
669.000000	16.699717	-16.464928	-2.790467
670.000000	12.383974	-12.351825	0.891763
671.000000	3.432196	-3.055892	1.562529
672.000000	18.955832	-5.370363	-18.179186
673.000000	6.161126	-5.831794	1.987372
674.000000	17.141861	-16.473793	-4.738938
675.000000	11.780399	-9.634315	6.779217
676.000000	13.354210	-0.619793	13.339819
677.000000	2.903130	-2.478096	1.512351
678.000000	10.075733	-9.146703	4.225900
679.000000	2.126724	0.599692	2.040422
680.000000	22.238249	21.999147	3.252259
681.000000	15.761580	-3.370112	15.397069
682.000000	33.922974	-27.815966	19.417519
683.000000	17.995316	11.910050	13.490072
684.000000	10.802616	-1.437956	10.706484
685.000000	12.305317	12.290338	-0.606979
686.000000	9.597373	8.187658	-5.007177
687.000000	16.945208	7.246938	-15.317375
688.000000	7.137533	6.042253	-3.799414
689.000000	19.283819	-16.643526	-9.739543
690.000000	12.263849	-6.695030	-10.275144
691.000000	6.941978	-1.080363	-6.857396
692.000000	12.131642	2.823814	-11.798425
693.000000	10.478251	8.067109	-6.686965
694.000000	7.113350	-1.616167	6.927319
695.000000	27.104456	-27.062454	-1.508338
696.000000	4.957413	4.937112	-0.448181
697.000000	8.380992	8.035357	2.382029
698.000000	18.582182	-3.343278	-18.278950
699.000000	6.294810	-6.293789	0.113404
700.000000	6.404955	-1.253787	6.281041
701.000000	8.536361	7.974370	-3.046127
702.000000	18.261375	11.562632	14.134475
703.000000	4.370301	-1.540072	4.089952
704.000000	21.561399	-21.539362	0.974612
705.000000	12.638489	6.493301	10.842898
706.000000	19.718090	-0.589903	19.709265
707.000000	21.768244	14.097681	-16.586496
708.000000	6.264195	5.704024	-2.589257
709.000000	9.209068	-6.986891	-5.999192
710.000000	17.589653	-17.589130	0.135616
711.000000	17.158957	-7.111335	15.615975
712.000000	17.396370	-8.334703	15.269788
713.000000	9.889494	9.510093	-2.712974
714.000000	14.125911	10.544490	9.399738
715.000000	23.900372	-11.378634	21.017956
716.000000	20.064051	-19.436663	-4.978182
717.000000	9.338381	-7.130870	-6.029598
718.000000	4.567930	4.082740	-2.048710
719.000000	28.089411	-23.478245	-15.420343
720.000000	21.672466	0.917218	-21.653049
721.000000	16.074434	8.344734	13.738736
722.000000	14.265186	14.149338	-1.814323
723.000000	10.849815	-10.262773	3.520511
724.000000	9.198381	-9.197906	-0.093430
725.000000	19.016624	-1.030677	-18.988674
726.000000	14.583659	-12.980906	-6.646745
727.000000	16.654392	5.321371	-15.781375
728.000000	5.607563	5.553289	0.778299
729.000000	31.975260	-18.530754	26.058174
730.000000	27.380920	22.274740	-15.923277
731.000000	10.002032	4.082821	9.130784
732.000000	9.977631	-9.840718	-1.647232
733.000000	7.832314	0.693340	7.801566
734.000000	5.879880	-4.604311	3.656955
735.000000	22.492773	-9.370246	20.448065
736.000000	8.231872	-7.586030	-3.196226
737.000000	9.281348	-7.531413	5.424135
738.000000	2.542549	-1.188220	2.247819
739.000000	12.444875	-9.763485	7.716817
740.000000	20.884558	18.288046	10.085243
741.000000	6.890840	5.962228	3.454782
742.000000	17.082024	16.856426	-2.767030
743.000000	10.453032	8.993258	-5.327963
744.000000	21.563938	-10.486425	-18.842461
745.000000	36.267357	35.820522	-5.675485
746.000000	7.639116	1.411556	-7.507569
747.000000	13.427135	-3.038303	13.078862
748.000000	21.796654	-5.529388	21.083643
749.000000	7.086703	0.348038	7.078152
750.000000	13.842970	-4.695159	-13.022415
751.000000	17.230856	-11.325329	-12.986120
752.000000	12.424712	5.247950	11.261993
753.000000	8.886265	-5.109331	-7.270519
754.000000	28.428787	13.209822	-25.173330
755.000000	7.328507	-7.068929	-1.933202
756.000000	11.667067	-9.694962	6.490621
757.000000	10.827099	8.629424	-6.539045
758.000000	0.594807	0.405745	-0.434932
759.000000	26.661987	-15.130268	21.953054
760.000000	10.863230	8.039688	-7.305695
761.000000	27.437122	13.710761	-23.765747
762.000000	8.930455	8.743852	-1.816063
763.000000	16.814461	-9.033669	14.181640
764.000000	6.190624	3.880538	-4.823407
765.000000	8.465423	-2.724770	8.014924
766.000000	9.049578	-6.870956	5.889381
767.000000	14.390870	13.562174	4.812962
768.000000	25.674833	-25.673037	-0.303826
769.000000	15.718233	-10.241436	11.923751
770.000000	20.648138	5.568317	-19.883144
771.000000	3.668369	3.337099	1.523383
772.000000	19.271948	3.894052	18.874435
773.000000	11.012819	-10.401057	3.619420
774.000000	14.950240	-14.921330	-0.929282
775.000000	26.167612	-25.651402	5.171997
776.000000	15.136644	-2.886448	-14.858884
777.000000	9.481132	9.475196	0.335454
778.000000	7.338720	-3.734935	-6.317204
779.000000	7.696321	-7.519707	-1.639319
780.000000	10.473666	-8.158248	-6.568157
781.000000	9.946762	3.044138	9.469493
782.000000	16.994211	1.217096	-16.950571
783.000000	13.847048	-13.727305	1.817092
784.000000	13.277518	-0.910244	13.246281
785.000000	33.167076	-0.816646	33.157021
786.000000	22.773455	0.366667	22.770502
787.000000	5.494130	0.628480	-5.458066
788.000000	7.000272	6.812432	-1.610772
789.000000	17.110323	-15.947762	6.199362
790.000000	16.561153	-15.224473	6.518223
791.000000	9.603520	8.640582	-4.191413
792.000000	5.327881	0.757607	-5.273741
793.000000	11.697192	5.814543	-10.149651
794.000000	8.782784	0.878837	-8.738703
795.000000	4.041839	-0.862861	3.948662
796.000000	23.601978	23.592924	-0.653630
797.000000	18.429165	-18.119028	-3.366743
798.000000	23.627321	20.228237	-12.209370
799.000000	12.337005	-0.423685	12.329727
800.000000	19.065010	12.912988	-14.026023
801.000000	10.919980	0.176729	10.918550
802.000000	32.086300	-30.555159	9.793513
803.000000	12.675883	10.549396	7.027678
804.000000	8.754707	1.114631	-8.683461
805.000000	18.884865	-18.804783	1.737315
806.000000	14.519842	7.038172	12.699998
807.000000	27.639593	24.164038	13.418137
808.000000	4.866464	-3.791279	-3.051012
809.000000	17.682207	10.736510	-14.049477
810.000000	18.178261	15.161408	-10.029000
811.000000	16.946093	16.916899	-0.994285
812.000000	13.265654	13.261737	0.322355
813.000000	3.842001	1.401926	-3.577091
814.000000	18.530581	10.261902	-15.429705
815.000000	14.876823	-14.742282	1.996246
816.000000	15.143508	-14.098135	-5.528872
817.000000	9.509358	7.153378	-6.265547
818.000000	14.391299	5.349686	13.360028
819.000000	21.588202	-12.990604	17.242233
820.000000	19.398121	1.853900	-19.309328
821.000000	18.556158	-16.519680	-8.451694
822.000000	19.362026	3.387984	19.063305
823.000000	12.538854	-11.208095	-5.621518
824.000000	7.930517	5.528300	5.686035
825.000000	26.758793	-4.733496	26.336800
826.000000	34.878689	-26.847599	-22.264978
827.000000	3.676377	-1.678900	3.270633
828.000000	20.955673	-20.921797	-1.191068
829.000000	10.346571	1.804520	10.187995
830.000000	12.555586	-5.282401	11.390302
831.000000	11.237784	-7.173388	8.650452
832.000000	19.976223	-19.032375	6.067798
833.000000	10.100353	-6.196486	-7.976258
834.000000	7.689818	7.006730	-3.168443
835.000000	14.112949	9.079524	-10.804517
836.000000	9.540874	-1.481010	-9.425226
837.000000	15.803382	-1.814489	-15.698870
838.000000	8.479419	8.348881	1.482139
839.000000	8.830269	7.684055	4.350742
840.000000	7.603567	-7.380095	-1.829871
841.000000	14.668349	-11.405495	9.223619
842.000000	9.007516	3.658653	-8.231014
843.000000	23.291349	-18.890894	-13.624285
844.000000	14.505432	-12.132404	7.950618
845.000000	11.040091	10.009463	-4.657709
846.000000	6.348948	-3.404806	-5.358772
847.000000	12.138273	9.190072	-7.929707
848.000000	14.220440	-13.871127	-3.132531
849.000000	21.431267	-1.941941	-21.343103
850.000000	27.948881	-25.279047	11.920979
851.000000	8.164672	-1.532339	-8.019589
852.000000	11.953652	11.948084	0.364826
853.000000	13.021768	12.119780	-4.762077
854.000000	3.889048	3.842800	-0.597978
855.000000	34.341728	30.932619	14.917350
856.000000	19.174700	18.411507	5.355886
857.000000	14.148189	-11.224138	-8.613359
858.000000	17.351728	1.368977	-17.297642
859.000000	7.010615	-6.477296	-2.682044
860.000000	8.681600	0.888433	-8.636021
861.000000	4.758393	0.166203	4.755489
862.000000	26.586592	-6.306672	-25.827751
863.000000	5.643638	-4.986839	-2.642363
864.000000	25.596674	24.761600	6.484824
865.000000	17.784264	16.145710	-7.456277
866.000000	29.312120	6.132022	28.663544
867.000000	21.493572	-2.331686	21.366724
868.000000	16.425764	-15.930409	-4.003476
869.000000	5.331548	2.773494	4.553366
870.000000	21.816010	1.956727	-21.728081
871.000000	11.514327	-1.606732	-11.401672
872.000000	14.143243	-4.783405	-13.309784
873.000000	9.835173	9.763659	-1.183881
874.000000	7.222581	-5.694470	-4.442825
875.000000	20.068167	19.646540	-4.092040
876.000000	14.151527	-13.109070	-5.330853
877.000000	21.607571	7.759979	20.166056
878.000000	16.081587	-15.317952	-4.896709
879.000000	19.223663	15.706897	-11.083441
880.000000	24.226185	-24.155579	1.848249
881.000000	19.871746	-19.757149	2.131051
882.000000	12.812149	-0.604166	12.797896
883.000000	22.585690	20.980900	-8.361533
884.000000	24.711327	-8.838667	23.076561
885.000000	10.331336	10.331007	0.082512
886.000000	18.104174	-16.172436	-8.137163
887.000000	4.225347	-3.396218	-2.513813
888.000000	16.953529	14.283361	9.132786
889.000000	36.287506	9.630508	34.986233
890.000000	14.155620	4.278206	-13.493647
891.000000	26.982437	24.712727	-10.832039
892.000000	26.861410	-18.515100	-19.460896
893.000000	13.814775	9.431915	10.093908
894.000000	19.985241	-8.315676	-18.173040
895.000000	34.370537	6.686059	-33.713951
896.000000	13.442722	-4.218503	12.763659
897.000000	6.747629	2.492603	6.270360
898.000000	5.865213	-3.314166	4.839114
899.000000	13.471673	8.321913	-10.593947
900.000000	3.342629	-2.948069	-1.575454
901.000000	18.892254	-16.762569	8.713984
902.000000	18.285826	-0.239725	-18.284254
903.000000	15.759887	-15.539098	-2.628778
904.000000	15.847265	11.525027	10.877020
905.000000	25.339306	-10.457744	23.080641
906.000000	9.173306	3.772666	-8.361610
907.000000	22.851624	-18.292940	-13.695437
908.000000	17.410099	13.071916	-11.499417
909.000000	18.585546	-0.914726	18.563023
910.000000	29.808479	-11.707791	27.413010
911.000000	11.678655	2.546957	11.397543
912.000000	13.745377	12.403676	-5.923191
913.000000	19.146959	15.050442	11.835975
914.000000	4.501330	-4.499713	0.120649
915.000000	17.664564	11.563588	13.353661
916.000000	10.168568	6.315724	-7.969404
917.000000	11.445781	3.673111	10.840394
918.000000	16.229578	3.654228	15.812838
919.000000	14.776296	0.919496	-14.747659
920.000000	23.728792	-23.270538	-4.640863
921.000000	18.071762	17.942833	-2.154840
922.000000	11.003304	10.421804	3.529689
923.000000	11.148400	-1.339574	11.067627
924.000000	16.054447	12.585976	-9.966869
925.000000	12.353637	-7.769900	9.604218
926.000000	6.341148	-5.212062	3.611726
927.000000	12.979517	11.859605	-5.274244
928.000000	10.672240	-1.810357	-10.517572
929.000000	9.619717	-7.108326	6.481563
930.000000	5.934494	-5.281855	-2.705592
931.000000	13.488403	12.643877	4.697807
932.000000	7.531111	5.779958	-4.828014
933.000000	5.605333	2.652327	4.938109
934.000000	19.420216	-16.543966	-10.170644
935.000000	3.592590	-3.514677	-0.744143
936.000000	13.261384	-13.098593	-2.071514
937.000000	11.448467	8.010917	-8.178790
938.000000	9.402578	8.718804	-3.520075
939.000000	32.927670	30.940018	-11.267060
940.000000	8.877354	-8.695414	1.788070
941.000000	21.057652	16.416153	-13.188427
942.000000	17.862476	17.807222	1.403895
943.000000	12.936343	11.078198	-6.680007
944.000000	8.119674	3.164915	-7.477460
945.000000	23.696196	13.749416	-19.299305
946.000000	5.250921	-5.162982	0.956967
947.000000	22.070763	3.806233	21.740082
948.000000	6.264555	-5.719655	-2.555423
949.000000	11.515006	9.275874	-6.823015
950.000000	26.466358	-11.361159	-23.903811
951.000000	22.903841	11.850688	19.599670
952.000000	11.431009	4.932463	10.312070
953.000000	8.031250	5.488908	-5.862837
954.000000	21.883112	17.345272	13.342119
955.000000	25.715801	-24.581789	-7.552358
956.000000	26.747904	10.505733	24.598373
957.000000	3.612190	3.429356	-1.134649
958.000000	6.495970	5.969256	2.562344
959.000000	9.954632	8.460845	-5.244882
960.000000	11.015041	7.218547	-8.320079
961.000000	9.379119	1.179353	9.304676
962.000000	11.877038	5.695245	-10.422486
963.000000	1.345447	-1.340763	-0.112175
964.000000	3.853111	3.821906	-0.489384
965.000000	16.554356	8.064847	-14.457003
966.000000	9.769369	-1.618865	-9.634306
967.000000	13.026729	11.838299	-5.436022
968.000000	11.592921	1.625304	11.478423
969.000000	13.984810	1.362960	13.918234
970.000000	9.260207	9.235613	0.674451
971.000000	19.137375	16.400425	-9.862312
972.000000	19.235355	-7.967633	17.507589
973.000000	4.282712	-2.172241	3.690933
974.000000	21.945837	-4.299088	-21.520632
975.000000	20.641304	-19.447569	6.917765
976.000000	17.191320	5.032343	16.438278
977.000000	11.585429	8.550143	-7.817750
978.000000	18.088701	15.813806	8.782064
979.000000	12.788402	6.946580	10.737236
980.000000	26.751179	-13.428611	-23.136507
981.000000	9.039912	3.671146	-8.260914
982.000000	6.171702	-5.553378	-2.692564
983.000000	9.230129	-6.191918	-6.845103
984.000000	11.604539	7.317668	-9.006500
985.000000	25.008305	-25.008253	0.050825
986.000000	16.408298	14.870743	-6.934930
987.000000	7.032259	6.731385	-2.034974
988.000000	5.723942	1.881435	5.405896
989.000000	8.240664	-3.147298	7.615973
990.000000	498.872803	-29.625858	497.992340
991.000000	5.584229	-1.929988	-5.240111
992.000000	14.832433	12.842843	-7.420407
993.000000	4.967133	-2.643003	-4.205585
994.000000	16.741854	14.903479	-7.627318
995.000000	41.880253	3.659033	-41.720104
996.000000	2.968740	0.121427	-2.966255
997.000000	9.628487	-6.089773	7.458044
998.000000	5.537950	-0.311734	-5.529169
999.000000	22.477011	17.661943	13.902222
