0.000000	0.909640
0.001000	0.078947
0.002000	1.494407
0.003000	1.473513
0.004000	0.528759
0.005000	0.504198
0.006000	-1.276689
0.007000	-1.784930
0.008000	-0.819915
0.009000	-0.670891
0.010000	0.328515
0.011000	0.126566
0.012000	1.497204
0.013000	0.446837
0.014000	-0.297658
0.015000	0.865404
0.016000	-1.344081
0.017000	-0.799957
0.018000	-0.639735
0.019000	-0.518064
0.020000	-0.962752
0.021000	-0.378500
0.022000	0.692570
0.023000	1.394428
0.024000	0.073275
0.025000	0.097296
0.026000	-0.704277
0.027000	-1.508045
0.028000	-0.587692
0.029000	-0.281211
0.030000	0.632354
0.031000	0.964885
0.032000	1.190889
0.033000	1.172384
0.034000	1.278754
0.035000	-0.591232
0.036000	0.305169
0.037000	-1.567572
0.038000	-0.551966
0.039000	-0.568774
0.040000	0.140006
0.041000	1.106463
0.042000	0.950807
0.043000	0.746560
0.044000	0.387577
0.045000	0.108307
0.046000	-0.841832
0.047000	-0.318432
0.048000	-1.427291
0.049000	-0.785861
0.050000	0.936278
0.051000	1.214629
0.052000	1.060133
0.053000	0.722119
0.054000	1.524123
0.055000	0.300689
0.056000	-0.515439
0.057000	-0.890500
0.058000	-1.088135
0.059000	-0.155291
0.060000	-0.733959
0.061000	0.297061
0.062000	1.457650
0.063000	1.021104
0.064000	1.066877
0.065000	0.051287
0.066000	-0.581178
0.067000	-0.783819
0.068000	-1.016505
0.069000	-0.578402
0.070000	-0.324990
0.071000	-0.178978
0.072000	0.383844
0.073000	1.239194
0.074000	1.453212
0.075000	0.952982
0.076000	-1.147713
0.077000	-0.996317
0.078000	-0.351016
0.079000	-0.492292
0.080000	-0.551585
0.081000	1.136503
0.082000	0.924794
0.083000	0.238530
0.084000	0.234759
0.085000	-0.505139
0.086000	-1.245862
0.087000	-1.989983
0.088000	-0.420106
0.089000	-0.776932
0.090000	-0.241063
0.091000	0.618452
0.092000	1.827605
0.093000	1.143231
0.094000	-0.426683
0.095000	0.161151
0.096000	0.196154
0.097000	-0.791598
0.098000	-1.546112
0.099000	-0.495284
0.100000	0.755041
0.101000	1.280648
0.102000	0.978782
0.103000	0.531587
0.104000	1.180187
0.105000	-0.465057
0.106000	-0.854137
0.107000	-1.302422
0.108000	-0.383306
0.109000	-1.704696
0.110000	-0.314772
0.111000	0.230034
0.112000	0.427435
0.113000	1.226587
0.114000	0.715697
0.115000	0.078795
0.116000	-0.685002
0.117000	-1.720320
0.118000	-2.072490
0.119000	-1.287553
0.120000	-0.191685
0.121000	1.125260
0.122000	1.173817
0.123000	0.717781
0.124000	1.118397
0.125000	-0.096261
0.126000	-0.980397
0.127000	-0.417541
0.128000	-2.033710
0.129000	0.351114
0.130000	-0.135354
0.131000	-0.077925
0.132000	1.434462
0.133000	1.931563
0.134000	0.670802
0.135000	0.435373
0.136000	-0.842394
0.137000	-1.035140
0.138000	-1.561281
0.139000	-0.775156
0.140000	-0.011180
0.141000	1.774243
0.142000	1.368677
0.143000	0.879107
0.144000	0.910592
0.145000	0.388602
0.146000	-1.379314
0.147000	-0.977981
0.148000	-1.083371
0.149000	0.071393
0.150000	-0.377631
0.151000	1.523650
0.152000	1.250014
0.153000	1.160416
0.154000	0.520587
0.155000	0.339978
0.156000	-1.089867
0.157000	-0.701804
0.158000	-0.990561
0.159000	-0.151773
0.160000	0.111787
0.161000	-0.164400
0.162000	-0.123345
0.163000	0.858552
0.164000	0.070518
0.165000	-1.324911
0.166000	-0.862004
0.167000	-0.978276
0.168000	-0.877828
0.169000	-0.242284
0.170000	0.131885
0.171000	0.021550
0.172000	1.852857
0.173000	1.324732
0.174000	0.654769
0.175000	0.195072
0.176000	-0.464308
0.177000	-0.941394
0.178000	-0.790425
0.179000	0.363726
0.180000	-0.400602
0.181000	0.678341
0.182000	1.495054
0.183000	0.174822
0.184000	0.505307
0.185000	0.186854
0.186000	-1.172895
0.187000	-1.103161
0.188000	-0.168990
0.189000	-0.423319
0.190000	-0.093174
0.191000	0.519366
0.192000	0.078208
0.193000	1.003299
0.194000	0.293325
0.195000	0.512898
0.196000	-1.801379
0.197000	-0.237314
0.198000	-1.253873
0.199000	-0.479308
0.200000	0.063895
0.201000	0.868028
0.202000	0.839068
0.203000	0.648223
0.204000	0.640262
0.205000	-0.967430
0.206000	-1.212152
0.207000	-0.508628
0.208000	-0.866024
0.209000	-0.642794
0.210000	0.761330
0.211000	0.918848
0.212000	0.138261
0.213000	1.501014
0.214000	0.331689
0.215000	-0.088215
0.216000	0.123192
0.217000	-0.385866
0.218000	-1.697194
0.219000	-0.052358
0.220000	1.145397
0.221000	1.492761
0.222000	0.759126
0.223000	0.123252
0.224000	1.228980
0.225000	1.023628
0.226000	-0.928854
0.227000	-1.154010
0.228000	-0.458554
0.229000	-0.104738
0.230000	-0.199137
0.231000	0.392947
0.232000	1.343812
0.233000	1.149930
0.234000	0.306657
0.235000	0.334418
0.236000	-0.665649
0.237000	-0.646977
0.238000	-0.748397
0.239000	-1.065774
0.240000	-0.183974
0.241000	1.217097
0.242000	0.378203
0.243000	1.243614
0.244000	1.046354
0.245000	0.550176
0.246000	-0.791060
0.247000	-0.815727
0.248000	-1.165001
0.249000	0.157915
0.250000	0.474204
0.251000	0.290680
0.252000	1.712062
0.253000	1.057680
0.254000	0.699613
0.255000	0.589902
0.256000	-0.401980
0.257000	-1.181674
0.258000	-0.799117
0.259000	0.186901
0.260000	0.189492
0.261000	0.370127
0.262000	0.236813
0.263000	1.116223
0.264000	0.942800
0.265000	0.607987
0.266000	-0.902463
0.267000	-1.759792
0.268000	-0.527852
0.269000	-0.481218
0.270000	0.286302
0.271000	-0.842786
0.272000	1.643361
0.273000	0.953329
0.274000	-0.170122
0.275000	0.273043
0.276000	0.195448
0.277000	-0.882516
0.278000	-0.647384
0.279000	-0.408879
0.280000	-0.379022
0.281000	0.942217
0.282000	0.746095
0.283000	0.473626
0.284000	1.585886
0.285000	-0.204503
0.286000	-0.663685
0.287000	0.013250
0.288000	-2.124351
0.289000	-1.359024
0.290000	0.590204
0.291000	0.677457
0.292000	1.105368
0.293000	0.891235
0.294000	1.455495
0.295000	0.528046
0.296000	-0.709553
0.297000	-1.161075
0.298000	-1.062317
0.299000	-0.650897
0.300000	-0.583309
0.301000	1.139280
0.302000	2.798121
0.303000	0.683194
0.304000	-0.116881
0.305000	-1.146727
0.306000	-0.838945
0.307000	-1.674182
0.308000	-0.940742
0.309000	-1.165634
0.310000	-0.063489
0.311000	1.725555
0.312000	0.559320
0.313000	0.978948
0.314000	-0.043999
0.315000	-0.304034
0.316000	-1.286789
0.317000	-1.210797
0.318000	-1.233717
0.319000	-0.241948
0.320000	0.224684
0.321000	0.085771
0.322000	1.995421
0.323000	0.334793
0.324000	0.185130
0.325000	0.725533
0.326000	-1.003778
0.327000	-0.396449
0.328000	-0.964513
0.329000	-0.163797
0.330000	-0.571708
0.331000	0.809155
0.332000	1.605871
0.333000	0.327490
0.334000	0.432903
0.335000	-0.329756
0.336000	-0.063611
0.337000	-0.475627
0.338000	-0.857070
0.339000	-0.239445
0.340000	-0.087723
0.341000	0.802911
0.342000	1.447671
0.343000	1.364217
0.344000	1.009824
0.345000	-0.135708
0.346000	-1.262096
0.347000	-1.072472
0.348000	-0.908239
0.349000	0.126429
0.350000	0.361936
0.351000	0.596172
0.352000	1.007978
0.353000	1.096482
0.354000	0.223151
0.355000	0.066317
0.356000	-0.622691
0.357000	-0.244472
0.358000	-0.879205
0.359000	0.088545
0.360000	0.032837
0.361000	0.657161
0.362000	1.053550
0.363000	0.928361
0.364000	0.391769
0.365000	0.148843
0.366000	-0.116495
0.367000	-1.155653
0.368000	-1.291750
0.369000	-0.007953
0.370000	0.146910
0.371000	0.698902
0.372000	1.647861
0.373000	1.162952
0.374000	1.045189
0.375000	0.280725
0.376000	-1.000886
0.377000	-1.083259
0.378000	-1.127069
0.379000	-1.002837
0.380000	-0.072865
0.381000	-0.737712
0.382000	1.122836
0.383000	0.359646
0.384000	0.481790
0.385000	-0.321444
0.386000	-0.914108
0.387000	0.214193
0.388000	-2.402994
0.389000	-0.411000
0.390000	0.618524
0.391000	0.433967
0.392000	0.830471
0.393000	1.218148
0.394000	1.225527
0.395000	0.962441
0.396000	-0.106443
0.397000	-0.839549
0.398000	-0.969751
0.399000	-0.697731
0.400000	0.596956
0.401000	-0.088048
0.402000	0.872994
0.403000	1.198457
0.404000	0.342618
0.405000	-0.599517
0.406000	-0.220851
0.407000	-0.833430
0.408000	0.028282
0.409000	-1.323121
0.410000	-0.124042
0.411000	0.580375
0.412000	1.664712
0.413000	0.481383
0.414000	0.587970
0.415000	-0.128329
0.416000	-0.050336
0.417000	-0.231458
0.418000	-1.083465
0.419000	-1.005879
0.420000	0.334403
0.421000	0.241871
0.422000	1.177794
0.423000	0.775320
0.424000	1.157182
0.425000	0.736168
0.426000	-1.666699
0.427000	-0.855864
0.428000	-0.270449
0.429000	0.000176
0.430000	-0.347431
0.431000	0.821888
0.432000	0.360508
0.433000	0.614623
0.434000	0.348252
0.435000	0.385835
0.436000	-0.087922
0.437000	-1.102340
0.438000	-1.240970
0.439000	-0.212439
0.440000	0.666859
0.441000	0.818490
0.442000	1.535872
0.443000	1.298156
0.444000	0.035807
0.445000	0.339474
0.446000	-1.236543
0.447000	-1.144501
0.448000	0.531000
0.449000	-0.626290
0.450000	0.044277
0.451000	0.704899
0.452000	1.555117
0.453000	1.343024
0.454000	0.482083
0.455000	0.172603
0.456000	-0.233192
0.457000	-0.969450
0.458000	-1.007403
0.459000	-0.561821
0.460000	-0.682498
0.461000	0.258111
0.462000	0.455982
0.463000	1.390928
0.464000	0.396005
0.465000	-0.081505
0.466000	-0.008556
0.467000	-1.489020
0.468000	-0.745344
0.469000	-1.096093
0.470000	-1.036956
0.471000	1.686031
0.472000	0.334648
0.473000	1.007151
0.474000	0.967672
0.475000	1.771832
0.476000	-0.665679
0.477000	-2.202887
0.478000	-1.147318
0.479000	-0.603678
0.480000	-0.003268
0.481000	1.029653
0.482000	2.359782
0.483000	0.759958
0.484000	1.329897
0.485000	-0.288555
0.486000	-1.271889
0.487000	-0.780229
0.488000	-0.192666
0.489000	-0.531652
0.490000	-0.427579
0.491000	0.220851
0.492000	0.457869
0.493000	1.324389
0.494000	0.035502
0.495000	0.073567
0.496000	-0.835315
0.497000	-0.866651
0.498000	-0.687143
0.499000	-0.860610
0.500000	0.213151
0.501000	0.266949
0.502000	0.809999
0.503000	0.800011
0.504000	0.732908
0.505000	-0.489126
0.506000	-0.716245
0.507000	-0.648287
0.508000	-0.474942
0.509000	-0.115297
0.510000	-0.405318
0.511000	0.843265
0.512000	0.782568
0.513000	0.499965
0.514000	-0.151238
0.515000	-0.059144
0.516000	-0.703113
0.517000	-0.554325
0.518000	-0.663998
0.519000	-0.588911
0.520000	-0.080676
0.521000	0.484165
0.522000	0.556686
0.523000	1.419912
0.524000	1.291262
0.525000	0.339769
0.526000	-0.243268
0.527000	-1.787277
0.528000	-0.779309
0.529000	0.092624
0.530000	0.069987
0.531000	1.390743
0.532000	0.269291
0.533000	1.320242
0.534000	0.512802
0.535000	-0.157678
0.536000	-1.683447
0.537000	-1.703937
0.538000	-1.345457
0.539000	-0.998890
0.540000	-0.431982
0.541000	1.478164
0.542000	0.179396
0.543000	1.523934
0.544000	0.309499
0.545000	0.512160
0.546000	0.025585
0.547000	-0.438858
0.548000	-0.201681
0.549000	-0.651675
0.550000	0.373101
0.551000	0.054514
0.552000	2.052615
0.553000	0.971007
0.554000	0.750434
0.555000	0.641712
0.556000	-0.553671
0.557000	-1.265710
0.558000	-1.329651
0.559000	0.874536
0.560000	-0.029283
0.561000	0.867051
0.562000	1.729754
0.563000	0.630593
0.564000	0.374331
0.565000	-0.051008
0.566000	-0.314555
0.567000	-0.781551
0.568000	-0.606678
0.569000	-1.342187
0.570000	0.158275
0.571000	0.575798
0.572000	0.416689
0.573000	0.724298
0.574000	-0.181220
0.575000	0.290597
0.576000	-0.657224
0.577000	-0.940532
0.578000	-0.594412
0.579000	-0.659188
0.580000	1.104726
0.581000	0.592770
0.582000	0.319523
0.583000	1.863226
0.584000	1.683426
0.585000	0.340624
0.586000	-0.050073
0.587000	-0.879221
0.588000	-0.776298
0.589000	-1.260196
0.590000	0.037877
0.591000	-0.080028
0.592000	0.474656
0.593000	0.927191
0.594000	2.168665
0.595000	0.191040
0.596000	0.306749
0.597000	-0.816459
0.598000	-1.115657
0.599000	-0.318237
0.600000	0.027408
0.601000	0.676824
0.602000	1.475254
0.603000	0.512169
0.604000	0.210884
0.605000	-0.480278
0.606000	-1.083257
0.607000	-0.863517
0.608000	-0.969114
0.609000	-1.085926
0.610000	0.616695
0.611000	0.555985
0.612000	1.493905
0.613000	0.938327
0.614000	0.055324
0.615000	0.537515
0.616000	-0.633347
0.617000	-1.153557
0.618000	-1.140886
0.619000	-0.522957
0.620000	-0.090461
0.621000	-0.331385
0.622000	1.244822
0.623000	0.971158
0.624000	0.690625
0.625000	-0.040545
0.626000	0.252675
0.627000	-0.883152
0.628000	-1.338330
0.629000	-1.054882
0.630000	1.180327
0.631000	0.651974
0.632000	0.610698
0.633000	1.303319
0.634000	0.473719
0.635000	0.546416
0.636000	-1.241947
0.637000	-0.578923
0.638000	-0.891403
0.639000	-1.509280
0.640000	0.050109
0.641000	1.211481
0.642000	2.324853
0.643000	0.516696
0.644000	0.318530
0.645000	-0.073682
0.646000	-0.966012
0.647000	-0.950032
0.648000	-1.191737
0.649000	-0.607228
0.650000	0.615507
0.651000	0.478383
0.652000	1.125296
0.653000	1.004978
0.654000	-0.362876
0.655000	0.586094
0.656000	-1.045989
0.657000	-1.534944
0.658000	-0.856290
0.659000	0.072592
0.660000	-0.161780
0.661000	0.264799
0.662000	0.958759
0.663000	0.967238
0.664000	0.100333
0.665000	0.011044
0.666000	-0.662468
0.667000	-0.592486
0.668000	-0.497395
0.669000	-0.198570
0.670000	-0.364320
0.671000	0.229872
0.672000	1.111626
0.673000	0.585081
0.674000	0.293415
0.675000	-0.344942
0.676000	-0.615778
0.677000	-0.160631
0.678000	-0.457721
0.679000	-0.751579
0.680000	0.140589
0.681000	0.854137
0.682000	0.468762
0.683000	1.651433
0.684000	1.085033
0.685000	0.302440
0.686000	-0.332235
0.687000	-2.090228
0.688000	-0.941424
0.689000	-0.588617
0.690000	-0.618449
0.691000	1.302900
0.692000	0.873435
0.693000	0.956831
0.694000	0.761323
0.695000	0.530272
0.696000	-1.303569
0.697000	-1.775752
0.698000	-0.231336
0.699000	-0.809028
0.700000	-0.189456
0.701000	-0.702122
0.702000	1.734945
0.703000	0.693235
0.704000	0.911158
0.705000	-0.334334
0.706000	-0.276790
0.707000	-1.143172
0.708000	-1.036240
0.709000	-0.310518
0.710000	0.633532
0.711000	-0.284954
0.712000	1.359275
0.713000	0.768966
0.714000	0.084920
0.715000	1.647940
0.716000	-0.554661
0.717000	-1.524935
0.718000	-1.679046
0.719000	-1.254436
0.720000	0.390431
0.721000	0.626243
0.722000	0.588910
0.723000	0.380881
0.724000	0.929070
0.725000	-0.532467
0.726000	-0.767293
0.727000	-1.928264
0.728000	-0.525071
0.729000	-1.480248
0.730000	1.222056
0.731000	0.324328
0.732000	1.833555
0.733000	1.816461
0.734000	0.706950
0.735000	0.090394
0.736000	-0.698907
0.737000	-1.195331
0.738000	-1.192154
0.739000	-0.580331
0.740000	-0.385000
0.741000	0.016663
0.742000	0.438870
0.743000	0.572553
0.744000	0.456029
0.745000	0.399691
0.746000	-1.152445
0.747000	-0.377721
0.748000	-2.358071
0.749000	0.118846
0.750000	-0.200604
0.751000	0.270336
0.752000	0.840847
0.753000	1.319763
0.754000	0.454177
0.755000	-0.131282
0.756000	-0.799405
0.757000	-0.443774
0.758000	-0.828885
0.759000	-0.959980
0.760000	-0.436477
0.761000	0.478361
0.762000	0.798521
0.763000	0.692909
0.764000	0.525032
0.765000	-0.912106
0.766000	-0.865480
0.767000	-0.757279
0.768000	-0.797339
0.769000	-0.285741
0.770000	0.233853
0.771000	0.270953
0.772000	1.129180
0.773000	1.037262
0.774000	0.518539
0.775000	0.383591
0.776000	-0.088518
0.777000	-0.202629
0.778000	-0.228583
0.779000	-1.103952
0.780000	0.364663
0.781000	-0.063281
0.782000	1.190626
0.783000	0.254432
0.784000	0.578672
0.785000	-0.477523
0.786000	-0.664975
0.787000	-0.842244
0.788000	-1.645610
0.789000	-1.193817
0.790000	-1.022685
0.791000	0.727922
0.792000	1.159987
0.793000	0.986915
0.794000	0.353741
0.795000	1.000129
0.796000	-1.229368
0.797000	-0.658800
0.798000	-0.788943
0.799000	-0.964519
0.800000	0.157797
0.801000	0.908293
0.802000	0.687221
0.803000	1.091844
0.804000	0.983359
0.805000	-0.311214
0.806000	-0.035417
0.807000	-0.596671
0.808000	-1.245010
0.809000	0.004479
0.810000	0.082348
0.811000	-0.073803
0.812000	0.586631
0.813000	0.664081
0.814000	1.036008
0.815000	-0.478730
0.816000	-0.625900
0.817000	-1.169105
0.818000	-2.073511
0.819000	-0.399542
0.820000	0.048671
0.821000	1.256325
0.822000	1.219732
0.823000	0.078188
0.824000	-0.098902
0.825000	0.491358
0.826000	-1.025555
0.827000	0.021753
0.828000	-0.435814
0.829000	-1.240975
0.830000	-0.231103
0.831000	1.134088
0.832000	0.919679
0.833000	1.249901
0.834000	0.666914
0.835000	-0.410135
0.836000	-0.779788
0.837000	-1.362402
0.838000	-1.415127
0.839000	-0.759359
0.840000	-0.136989
0.841000	0.080254
0.842000	0.864978
0.843000	0.992615
0.844000	1.063415
0.845000	-0.030578
0.846000	-0.768765
0.847000	-1.122793
0.848000	-0.552249
0.849000	-0.516269
0.850000	-0.046025
0.851000	0.870638
0.852000	0.470748
0.853000	-0.005652
0.854000	0.255342
0.855000	-0.473718
0.856000	-0.630591
0.857000	-0.860774
0.858000	-1.303388
0.859000	-0.629161
0.860000	-0.000605
0.861000	0.125281
0.862000	0.712530
0.863000	0.889581
0.864000	-0.145254
0.865000	-0.539302
0.866000	-0.122280
0.867000	-0.677911
0.868000	-0.866637
0.869000	-1.671404
0.870000	-0.247175
0.871000	0.536779
0.872000	1.221971
0.873000	1.340883
0.874000	1.189257
0.875000	0.101476
0.876000	-0.215093
0.877000	-1.633646
0.878000	-0.514854
0.879000	0.106955
0.880000	-0.051281
0.881000	0.454784
0.882000	0.963909
0.883000	1.620735
0.884000	1.061782
0.885000	0.005727
0.886000	-0.666798
0.887000	-0.243635
0.888000	-1.197535
0.889000	-0.869700
0.890000	-0.529661
0.891000	0.798951
0.892000	1.155715
0.893000	0.613537
0.894000	0.349240
0.895000	0.067601
0.896000	-0.163202
0.897000	-1.179024
0.898000	-1.567179
0.899000	0.433478
0.900000	0.042948
0.901000	0.942076
0.902000	0.845147
0.903000	0.560212
0.904000	1.152752
0.905000	-0.612771
0.906000	-0.977363
0.907000	-0.386928
0.908000	-0.680755
0.909000	-1.762432
0.910000	0.159944
0.911000	1.386286
0.912000	2.378892
0.913000	0.443019
0.914000	1.176595
0.915000	-0.275113
0.916000	-0.127460
0.917000	-1.088061
0.918000	-0.796683
0.919000	-0.570430
0.920000	0.405619
0.921000	1.014614
0.922000	0.836789
0.923000	1.033360
0.924000	0.783169
0.925000	0.351811
0.926000	-0.063559
0.927000	0.129510
0.928000	-1.939765
0.929000	-0.964962
0.930000	0.941852
0.931000	0.943444
0.932000	0.953692
0.933000	-0.070007
0.934000	0.396723
0.935000	0.241310
0.936000	-0.167929
0.937000	-0.662816
0.938000	-0.331532
0.939000	-0.557975
0.940000	-0.221528
0.941000	0.701212
0.942000	1.562521
0.943000	0.644816
0.944000	-0.046110
0.945000	0.413647
0.946000	-0.583149
0.947000	-1.024925
0.948000	-1.190203
0.949000	0.297077
0.950000	-0.487353
0.951000	0.453660
0.952000	1.196411
0.953000	1.120971
0.954000	-0.172082
0.955000	0.380638
0.956000	-0.868460
0.957000	-1.192454
0.958000	-0.681621
0.959000	-0.909221
0.960000	0.515730
0.961000	0.788871
0.962000	1.199406
0.963000	0.562561
0.964000	-0.653902
0.965000	-0.283950
0.966000	-1.083816
0.967000	-1.010108
0.968000	-1.197628
0.969000	-1.737872
0.970000	0.362592
0.971000	0.394195
0.972000	0.803824
0.973000	1.957478
0.974000	0.993371
0.975000	0.425704
0.976000	-0.305716
0.977000	0.024945
0.978000	-0.828325
0.979000	-0.470832
0.980000	0.620120
0.981000	0.149976
0.982000	0.510721
0.983000	0.941338
0.984000	-0.453815
0.985000	0.170616
0.986000	-0.419885
0.987000	-0.205448
0.988000	-1.082648
0.989000	-0.030374
0.990000	-0.551972
0.991000	0.784657
0.992000	1.654632
0.993000	-0.098458
0.994000	1.035243
0.995000	-0.612061
0.996000	-0.366107
0.997000	-1.612114
0.998000	-1.058663
0.999000	-0.865412
